# Params: min_volt -0.1 max_volt 0.2 start_volt 0.0 scan_rate 0.05 direction down num_cycles 2
Stimulation voltage (V),Measured current(A)
-0.00040293040293026827,-0.002839694375927734
0.0004029304029304903,-0.003140719465527344
0.001208791208791249,-0.003140719465527344
0.0020146520146520075,-0.003140719465527344
0.002820512820512988,-0.003140719465527344
0.0036263736263737467,-0.003140719465527344
0.004432234432234505,-0.003140719465527344
0.005238095238095264,-0.003140719465527344
0.0060439560439560225,-0.003140719465527344
0.006849816849817003,-0.003140719465527344
0.007655677655677762,-0.003140719465527344
0.00846153846153852,-0.003140719465527344
0.009267399267399279,-0.003140719465527344
0.01007326007326026,-0.003140719465527344
0.010879120879121018,-0.003140719465527344
0.011684981684981777,-0.003140719465527344
0.012490842490842535,-0.003140719465527344
0.013296703296703294,-0.003140719465527344
0.014102564102564275,-0.003140719465527344
0.014908424908425033,-0.003140719465527344
0.01571428571428579,-0.003140719465527344
0.01652014652014655,-0.003140719465527344
0.01732600732600731,-0.003140719465527344
0.01813186813186829,-0.003140719465527344
0.018937728937729048,-0.003140719465527344
0.019743589743589807,-0.003140719465527344
0.020549450549450565,-0.003140719465527344
0.021355311355311546,-0.003140719465527344
0.022161172161172304,-0.003140719465527344
0.022967032967033063,-0.003140719465527344
0.02377289377289382,-0.003140719465527344
0.02457875457875458,-0.003140719465527344
0.02538461538461556,-0.003140719465527344
0.02619047619047632,-0.003140719465527344
0.026996336996337078,-0.003140719465527344
0.027802197802197837,-0.003140719465527344
0.028608058608058595,-0.003140719465527344
0.029413919413919576,-0.003140719465527344
0.030219780219780334,-0.003140719465527344
0.031025641025641093,-0.003140719465527344
0.03183150183150185,-0.003140719465527344
0.03263736263736283,-0.003140719465527344
0.03344322344322359,-0.003140719465527344
0.03424908424908435,-0.003140719465527344
0.03505494505494511,-0.003140719465527344
0.03586080586080587,-0.003140719465527344
0.03666666666666685,-0.003140719465527344
0.037472527472527606,-0.003140719465527344
0.038278388278388364,-0.003140719465527344
0.03908424908424912,-0.003140719465527344
0.03989010989010988,-0.003140719465527344
0.04069597069597086,-0.003140719465527344
0.04150183150183162,-0.003140719465527344
0.04230769230769238,-0.003140719465527344
0.04311355311355314,-0.003140719465527344
0.0439194139194139,-0.003140719465527344
0.04472527472527488,-0.003140719465527344
0.045531135531135636,-0.003140719465527344
0.046336996336996394,-0.003140719465527344
0.04714285714285715,-0.003140719465527344
0.047948717948718134,-0.003140719465527344
0.04875457875457889,-0.003140719465527344
0.04956043956043965,-0.003140719465527344
0.05036630036630041,-0.003140719465527344
0.05117216117216117,-0.003140719465527344
0.05197802197802215,-0.003140719465527344
0.05278388278388291,-0.003140719465527344
0.053589743589743666,-0.003140719465527344
0.054395604395604424,-0.003140719465527344
0.05520146520146518,-0.003140719465527344
0.056007326007326164,-0.003140719465527344
0.05681318681318692,-0.003140719465527344
0.05761904761904768,-0.003140719465527344
0.05842490842490844,-0.003140719465527344
0.05923076923076942,-0.003140719465527344
0.06003663003663018,-0.003140719465527344
0.06084249084249094,-0.003140719465527344
0.061648351648351696,-0.003140719465527344
0.062454212454212454,-0.003140719465527344
0.06326007326007344,-0.003140719465527344
0.0640659340659342,-0.003140719465527344
0.06487179487179495,-0.003140719465527344
0.06567765567765571,-0.003140719465527344
0.06648351648351647,-0.003140719465527344
0.06728937728937745,-0.003140719465527344
0.06809523809523821,-0.003140719465527344
0.06890109890109897,-0.003140719465527344
0.06970695970695973,-0.003140719465527344
0.0705128205128207,-0.003140719465527344
0.07131868131868146,-0.003140719465527344
0.07212454212454222,-0.003140719465527344
0.07293040293040298,-0.003140719465527344
0.07373626373626374,-0.003140719465527344
0.07454212454212472,-0.003140719465527344
0.07534798534798548,-0.003140719465527344
0.07615384615384624,-0.003140719465527344
0.076959706959707,-0.003140719465527344
0.07776556776556776,-0.003140719465527344
0.07857142857142874,-0.003140719465527344
0.0793772893772895,-0.003140719465527344
0.08018315018315025,-0.003140719465527344
0.08098901098901101,-0.003140719465527344
0.08179487179487199,-0.003140719465527344
0.08260073260073275,-0.003140719465527344
0.08340659340659351,-0.003140719465527344
0.08421245421245427,-0.003140719465527344
0.08501831501831503,-0.003140719465527344
0.08582417582417601,-0.003140719465527344
0.08663003663003677,-0.003140719465527344
0.08743589743589752,-0.003140719465527344
0.08824175824175828,-0.003140719465527344
0.08904761904761904,-0.003140719465527344
0.08985347985348002,-0.003140719465527344
0.09065934065934078,-0.003140719465527344
0.09146520146520154,-0.003140719465527344
0.0922710622710623,-0.003140719465527344
0.09307692307692306,-0.003140719465527344
0.09388278388278404,-0.003140719465527344
0.0946886446886448,-0.003140719465527344
0.09549450549450555,-0.003140719465527344
0.09630036630036631,-0.003140719465527344
0.0971062271062273,-0.003140719465527344
0.09791208791208805,-0.003140719465527344
0.09871794871794881,-0.003140719465527344
0.09952380952380957,-0.003140719465527344
0.10032967032967033,-0.003140719465527344
0.10113553113553131,-0.003140719465527344
0.10194139194139207,-0.003140719465527344
0.10274725274725283,-0.003140719465527344
0.10355311355311358,-0.003140719465527344
0.10435897435897434,-0.003140719465527344
0.10516483516483532,-0.003140719465527344
0.10597069597069608,-0.003140719465527344
0.10677655677655684,-0.003140719465527344
0.1075824175824176,-0.003140719465527344
0.10838827838827858,-0.003140719465527344
0.10919413919413934,-0.003140719465527344
0.1100000000000001,-0.003140719465527344
0.11080586080586086,-0.003140719465527344
0.11161172161172161,-0.003140719465527344
0.1124175824175826,-0.003140719465527344
0.11322344322344335,-0.003140719465527344
0.11402930402930411,-0.003140719465527344
0.11483516483516487,-0.003140719465527344
0.11564102564102563,-0.003140719465527344
0.11644688644688661,-0.003140719465527344
0.11725274725274737,-0.003140719465527344
0.11805860805860813,-0.003140719465527344
0.11886446886446889,-0.003140719465527344
0.11967032967032987,-0.003140719465527344
0.12047619047619063,-0.003140719465527344
0.12128205128205138,-0.003140719465527344
0.12208791208791214,-0.003140719465527344
0.1228937728937729,-0.003140719465527344
0.12369963369963388,-0.003140719465527344
0.12450549450549464,-0.003140719465527344
0.1253113553113554,-0.003140719465527344
0.12611721611721616,-0.003140719465527344
0.12692307692307692,-0.003140719465527344
0.1277289377289379,-0.003140719465527344
0.12853479853479866,-0.003140719465527344
0.12934065934065941,-0.003140719465527344
0.13014652014652017,-0.003140719465527344
0.13095238095238093,-0.003140719465527344
0.1317582417582419,-0.003140719465527344
0.13256410256410267,-0.003140719465527344
0.13336996336996343,-0.003140719465527344
0.1341758241758242,-0.003140719465527344
0.13498168498168517,-0.003140719465527344
0.13578754578754593,-0.003140719465527344
0.13659340659340669,-0.003140719465527344
0.13739926739926744,-0.003140719465527344
0.1382051282051282,-0.003140719465527344
0.13901098901098918,-0.003140719465527344
0.13981684981684994,-0.003140719465527344
0.1406227106227107,-0.003140719465527344
0.14142857142857146,-0.003140719465527344
0.14223443223443222,-0.003140719465527344
0.1430402930402932,-0.003140719465527344
0.14384615384615396,-0.003140719465527344
0.14465201465201472,-0.003140719465527344
0.14545787545787547,-0.003140719465527344
0.14626373626373645,-0.003140719465527344
0.1470695970695972,-0.003140719465527344
0.14787545787545797,-0.003140719465527344
0.14868131868131873,-0.003140719465527344
0.1494871794871795,-0.003140719465527344
0.15029304029304047,-0.003140719465527344
0.15109890109890123,-0.003140719465527344
0.151904761904762,-0.003140719465527344
0.15271062271062275,-0.003140719465527344
0.1535164835164835,-0.003140719465527344
0.15432234432234448,-0.003140719465527344
0.15512820512820524,-0.003140719465527344
0.155934065934066,-0.003140719465527344
0.15673992673992676,-0.003140719465527344
0.15754578754578774,-0.003140719465527344
0.1583516483516485,-0.003140719465527344
0.15915750915750926,-0.003140719465527344
0.15996336996337002,-0.003140719465527344
0.16076923076923078,-0.003140719465527344
0.16157509157509176,-0.003140719465527344
0.16238095238095251,-0.003140719465527344
0.16318681318681327,-0.003140719465527344
0.16399267399267403,-0.003140719465527344
0.1647985347985348,-0.003140719465527344
0.16560439560439577,-0.003140719465527344
0.16641025641025653,-0.003140719465527344
0.1672161172161173,-0.003140719465527344
0.16802197802197805,-0.003140719465527344
0.1688278388278388,-0.003140719465527344
0.16963369963369979,-0.003140719465527344
0.17043956043956054,-0.003140719465527344
0.1712454212454213,-0.003140719465527344
0.17205128205128206,-0.003140719465527344
0.17285714285714304,-0.003140719465527344
0.1736630036630038,-0.003140719465527344
0.17446886446886456,-0.003140719465527344
0.17527472527472532,-0.003140719465527344
0.17608058608058608,-0.003140719465527344
0.17688644688644706,-0.003140719465527344
0.17769230769230782,-0.003140719465527344
0.17849816849816857,-0.003140719465527344
0.17930402930402933,-0.003140719465527344
0.1801098901098901,-0.003140719465527344
0.18091575091575107,-0.003140719465527344
0.18172161172161183,-0.003140719465527344
0.1825274725274726,-0.003140719465527344
0.18333333333333335,-0.003140719465527344
0.18413919413919433,-0.003140719465527344
0.1849450549450551,-0.003140719465527344
0.18575091575091585,-0.003140719465527344
0.1865567765567766,-0.003140719465527344
0.18736263736263736,-0.003140719465527344
0.18816849816849834,-0.003140719465527344
0.1889743589743591,-0.003140719465527344
0.18978021978021986,-0.003140719465527344
0.19058608058608062,-0.003140719465527344
0.19139194139194138,-0.003140719465527344
0.19219780219780236,-0.003140719465527344
0.19300366300366312,-0.003140719465527344
0.19380952380952388,-0.003140719465527344
0.19461538461538463,-0.003140719465527344
0.19542124542124562,-0.003140719465527344
0.19622710622710637,-0.003140719465527344
0.19703296703296713,-0.003140719465527344
0.1978388278388279,-0.003140719465527344
0.19864468864468865,-0.003140719465527344
0.19945054945054963,-0.003140719465527344
0.2002564102564104,-0.003140719465527344
0.19945054945054963,-0.003140719465527344
0.19864468864468865,-0.003140719465527344
0.1978388278388279,-0.003140719465527344
0.19703296703296713,-0.003140719465527344
0.19622710622710637,-0.003140719465527344
0.19542124542124562,-0.003140719465527344
0.19461538461538463,-0.003140719465527344
0.19380952380952388,-0.003140719465527344
0.19300366300366312,-0.003140719465527344
0.19219780219780236,-0.003140719465527344
0.19139194139194138,-0.003140719465527344
0.19058608058608062,-0.003140719465527344
0.18978021978021986,-0.003140719465527344
0.1889743589743591,-0.003140719465527344
0.18816849816849834,-0.003140719465527344
0.18736263736263736,-0.003140719465527344
0.1865567765567766,-0.003140719465527344
0.18575091575091585,-0.003140719465527344
0.1849450549450551,-0.003140719465527344
0.18413919413919433,-0.003140719465527344
0.18333333333333335,-0.003140719465527344
0.1825274725274726,-0.003140719465527344
0.18172161172161183,-0.003140719465527344
0.18091575091575107,-0.003140719465527344
0.1801098901098901,-0.003140719465527344
0.17930402930402933,-0.003140719465527344
0.17849816849816857,-0.003140719465527344
0.17769230769230782,-0.003140719465527344
0.17688644688644706,-0.003140719465527344
0.17608058608058608,-0.003140719465527344
0.17527472527472532,-0.003140719465527344
0.17446886446886456,-0.003140719465527344
0.1736630036630038,-0.003140719465527344
0.17285714285714304,-0.003140719465527344
0.17205128205128206,-0.003140719465527344
0.1712454212454213,-0.003140719465527344
0.17043956043956054,-0.003140719465527344
0.16963369963369979,-0.003140719465527344
0.1688278388278388,-0.003140719465527344
0.16802197802197805,-0.003140719465527344
0.1672161172161173,-0.003140719465527344
0.16641025641025653,-0.003140719465527344
0.16560439560439577,-0.003140719465527344
0.1647985347985348,-0.003140719465527344
0.16399267399267403,-0.003140719465527344
0.16318681318681327,-0.003140719465527344
0.16238095238095251,-0.003140719465527344
0.16157509157509176,-0.003140719465527344
0.16076923076923078,-0.003140719465527344
0.15996336996337002,-0.003140719465527344
0.15915750915750926,-0.003140719465527344
0.1583516483516485,-0.003140719465527344
0.15754578754578774,-0.003140719465527344
0.15673992673992676,-0.003140719465527344
0.155934065934066,-0.003140719465527344
0.15512820512820524,-0.003140719465527344
0.15432234432234448,-0.003140719465527344
0.1535164835164835,-0.003140719465527344
0.15271062271062275,-0.003140719465527344
0.151904761904762,-0.003140719465527344
0.15109890109890123,-0.003140719465527344
0.15029304029304047,-0.003140719465527344
0.1494871794871795,-0.003140719465527344
0.14868131868131873,-0.003140719465527344
0.14787545787545797,-0.003140719465527344
0.1470695970695972,-0.003140719465527344
0.14626373626373645,-0.003140719465527344
0.14545787545787547,-0.003140719465527344
0.14465201465201472,-0.003140719465527344
0.14384615384615396,-0.003140719465527344
0.1430402930402932,-0.003140719465527344
0.14223443223443222,-0.003140719465527344
0.14142857142857146,-0.003140719465527344
0.1406227106227107,-0.003140719465527344
0.13981684981684994,-0.003140719465527344
0.13901098901098918,-0.003140719465527344
0.1382051282051282,-0.003140719465527344
0.13739926739926744,-0.003140719465527344
0.13659340659340669,-0.003140719465527344
0.13578754578754593,-0.003140719465527344
0.13498168498168517,-0.003140719465527344
0.1341758241758242,-0.003140719465527344
0.13336996336996343,-0.003140719465527344
0.13256410256410267,-0.003140719465527344
0.1317582417582419,-0.003140719465527344
0.13095238095238093,-0.003140719465527344
0.13014652014652017,-0.003140719465527344
0.12934065934065941,-0.003140719465527344
0.12853479853479866,-0.003140719465527344
0.1277289377289379,-0.003140719465527344
0.12692307692307692,-0.003140719465527344
0.12611721611721616,-0.003140719465527344
0.1253113553113554,-0.003140719465527344
0.12450549450549464,-0.003140719465527344
0.12369963369963388,-0.003140719465527344
0.1228937728937729,-0.003140719465527344
0.12208791208791214,-0.003140719465527344
0.12128205128205138,-0.003140719465527344
0.12047619047619063,-0.003140719465527344
0.11967032967032987,-0.003140719465527344
0.11886446886446889,-0.003140719465527344
0.11805860805860813,-0.003140719465527344
0.11725274725274737,-0.003140719465527344
0.11644688644688661,-0.003140719465527344
0.11564102564102563,-0.003140719465527344
0.11483516483516487,-0.003140719465527344
0.11402930402930411,-0.003140719465527344
0.11322344322344335,-0.003140719465527344
0.1124175824175826,-0.003140719465527344
0.11161172161172161,-0.003140719465527344
0.11080586080586086,-0.003140719465527344
0.1100000000000001,-0.003140719465527344
0.10919413919413934,-0.003140719465527344
0.10838827838827858,-0.003140719465527344
0.1075824175824176,-0.003140719465527344
0.10677655677655684,-0.003140719465527344
0.10597069597069608,-0.003140719465527344
0.10516483516483532,-0.003140719465527344
0.10435897435897434,-0.003140719465527344
0.10355311355311358,-0.003140719465527344
0.10274725274725283,-0.003140719465527344
0.10194139194139207,-0.003140719465527344
0.10113553113553131,-0.003140719465527344
0.10032967032967033,-0.003140719465527344
0.09952380952380957,-0.003140719465527344
0.09871794871794881,-0.003140719465527344
0.09791208791208805,-0.003140719465527344
0.0971062271062273,-0.003140719465527344
0.09630036630036631,-0.003140719465527344
0.09549450549450555,-0.003140719465527344
0.0946886446886448,-0.003140719465527344
0.09388278388278404,-0.003140719465527344
0.09307692307692306,-0.003140719465527344
0.0922710622710623,-0.003140719465527344
0.09146520146520154,-0.003140719465527344
0.09065934065934078,-0.003140719465527344
0.08985347985348002,-0.003140719465527344
0.08904761904761904,-0.003140719465527344
0.08824175824175828,-0.003140719465527344
0.08743589743589752,-0.003140719465527344
0.08663003663003677,-0.003140719465527344
0.08582417582417601,-0.003140719465527344
0.08501831501831503,-0.003140719465527344
0.08421245421245427,-0.003140719465527344
0.08340659340659351,-0.003140719465527344
0.08260073260073275,-0.003140719465527344
0.08179487179487199,-0.003140719465527344
0.08098901098901101,-0.003140719465527344
0.08018315018315025,-0.003140719465527344
0.0793772893772895,-0.003140719465527344
0.07857142857142874,-0.003140719465527344
0.07776556776556776,-0.003140719465527344
0.076959706959707,-0.003140719465527344
0.07615384615384624,-0.003140719465527344
0.07534798534798548,-0.003140719465527344
0.07454212454212472,-0.003140719465527344
0.07373626373626374,-0.003140719465527344
0.07293040293040298,-0.003140719465527344
0.07212454212454222,-0.003140719465527344
0.07131868131868146,-0.003140719465527344
0.0705128205128207,-0.003140719465527344
0.06970695970695973,-0.003140719465527344
0.06890109890109897,-0.003140719465527344
0.06809523809523821,-0.003140719465527344
0.06728937728937745,-0.003140719465527344
0.06648351648351647,-0.003140719465527344
0.06567765567765571,-0.003140719465527344
0.06487179487179495,-0.003140719465527344
0.0640659340659342,-0.003140719465527344
0.06326007326007344,-0.003140719465527344
0.062454212454212454,-0.003140719465527344
0.061648351648351696,-0.003140719465527344
0.06084249084249094,-0.003140719465527344
0.06003663003663018,-0.003140719465527344
0.05923076923076942,-0.003140719465527344
0.05842490842490844,-0.003140719465527344
0.05761904761904768,-0.003140719465527344
0.05681318681318692,-0.003140719465527344
0.056007326007326164,-0.003140719465527344
0.05520146520146518,-0.003140719465527344
0.054395604395604424,-0.003140719465527344
0.053589743589743666,-0.003140719465527344
0.05278388278388291,-0.003140719465527344
0.05197802197802215,-0.003140719465527344
0.05117216117216117,-0.003140719465527344
0.05036630036630041,-0.003140719465527344
0.04956043956043965,-0.003140719465527344
0.04875457875457889,-0.003140719465527344
0.047948717948718134,-0.003140719465527344
0.04714285714285715,-0.003140719465527344
0.046336996336996394,-0.003140719465527344
0.045531135531135636,-0.003140719465527344
0.04472527472527488,-0.003140719465527344
0.0439194139194139,-0.003140719465527344
0.04311355311355314,-0.003140719465527344
0.04230769230769238,-0.003140719465527344
0.04150183150183162,-0.003140719465527344
0.04069597069597086,-0.003140719465527344
0.03989010989010988,-0.003140719465527344
0.03908424908424912,-0.003140719465527344
0.038278388278388364,-0.003140719465527344
0.037472527472527606,-0.003140719465527344
0.03666666666666685,-0.003140719465527344
0.03586080586080587,-0.003140719465527344
0.03505494505494511,-0.003140719465527344
0.03424908424908435,-0.003140719465527344
0.03344322344322359,-0.003140719465527344
0.03263736263736283,-0.003140719465527344
0.03183150183150185,-0.003140719465527344
0.031025641025641093,-0.003140719465527344
0.030219780219780334,-0.003140719465527344
0.029413919413919576,-0.003140719465527344
0.028608058608058595,-0.003140719465527344
0.027802197802197837,-0.003140719465527344
0.026996336996337078,-0.003140719465527344
0.02619047619047632,-0.003140719465527344
0.02538461538461556,-0.003140719465527344
0.02457875457875458,-0.003140719465527344
0.02377289377289382,-0.003140719465527344
0.022967032967033063,-0.003140719465527344
0.022161172161172304,-0.003140719465527344
0.021355311355311546,-0.003140719465527344
0.020549450549450565,-0.003140719465527344
0.019743589743589807,-0.003140719465527344
0.018937728937729048,-0.003140719465527344
0.01813186813186829,-0.003140719465527344
0.01732600732600731,-0.003140719465527344
0.01652014652014655,-0.003140719465527344
0.01571428571428579,-0.003140719465527344
0.014908424908425033,-0.003140719465527344
0.014102564102564275,-0.003140719465527344
0.013296703296703294,-0.003140719465527344
0.012490842490842535,-0.003140719465527344
0.011684981684981777,-0.003140719465527344
0.010879120879121018,-0.003140719465527344
0.01007326007326026,-0.003140719465527344
0.009267399267399279,-0.003140719465527344
0.00846153846153852,-0.003140719465527344
0.007655677655677762,-0.003140719465527344
0.006849816849817003,-0.003140719465527344
0.0060439560439560225,-0.003140719465527344
0.005238095238095264,-0.003140719465527344
0.004432234432234505,-0.003140719465527344
0.0036263736263737467,-0.003140719465527344
0.002820512820512988,-0.003140719465527344
0.0020146520146520075,-0.003140719465527344
0.001208791208791249,-0.003140719465527344
0.0004029304029304903,-0.003140719465527344
-0.00040293040293026827,-0.003140719465527344
-0.0012087912087910269,-0.003140719465527344
-0.0020146520146520075,-0.003140719465527344
-0.002820512820512766,-0.003140719465527344
-0.0036263736263735247,-0.003140719465527344
-0.004432234432234283,-0.003140719465527344
-0.005238095238095042,-0.003140719465527344
-0.0060439560439560225,-0.003140719465527344
-0.006849816849816781,-0.003140719465527344
-0.00765567765567754,-0.003140719465527344
-0.008461538461538298,-0.003140719465527344
-0.009267399267399279,-0.003140719465527344
-0.010073260073260037,-0.003140719465527344
-0.010879120879120796,-0.003140719465527344
-0.011684981684981555,-0.003140719465527344
-0.012490842490842313,-0.003140719465527344
-0.013296703296703294,-0.003140719465527344
-0.014102564102564052,-0.003140719465527344
-0.014908424908424811,-0.003140719465527344
-0.01571428571428557,-0.003140719465527344
-0.016520146520146328,-0.003140719465527344
-0.01732600732600731,-0.003140719465527344
-0.018131868131868067,-0.003140719465527344
-0.018937728937728826,-0.003140719465527344
-0.019743589743589585,-0.003140719465527344
-0.020549450549450565,-0.003140719465527344
-0.021355311355311324,-0.003140719465527344
-0.022161172161172082,-0.003140719465527344
-0.02296703296703284,-0.003140719465527344
-0.0237728937728936,-0.003140719465527344
-0.02457875457875458,-0.003140719465527344
-0.02538461538461534,-0.003140719465527344
-0.026190476190476097,-0.003140719465527344
-0.026996336996336856,-0.003140719465527344
-0.027802197802197615,-0.003140719465527344
-0.028608058608058595,-0.003140719465527344
-0.029413919413919354,-0.003140719465527344
-0.030219780219780112,-0.003140719465527344
-0.03102564102564087,-0.003140719465527344
-0.03183150183150185,-0.003140719465527344
-0.03263736263736261,-0.003140719465527344
-0.03344322344322337,-0.003140719465527344
-0.03424908424908413,-0.003140719465527344
-0.035054945054944886,-0.003140719465527344
-0.03586080586080587,-0.003140719465527344
-0.036666666666666625,-0.003140719465527344
-0.037472527472527384,-0.003140719465527344
-0.03827838827838814,-0.003140719465527344
-0.0390842490842489,-0.003140719465527344
-0.03989010989010988,-0.003140719465527344
-0.04069597069597064,-0.003140719465527344
-0.0415018315018314,-0.003140719465527344
-0.04230769230769216,-0.003140719465527344
-0.043113553113552916,-0.003140719465527344
-0.0439194139194139,-0.003140719465527344
-0.044725274725274655,-0.003140719465527344
-0.045531135531135414,-0.003140719465527344
-0.04633699633699617,-0.003140719465527344
-0.04714285714285715,-0.003140719465527344
-0.04794871794871791,-0.003140719465527344
-0.04875457875457867,-0.003140719465527344
-0.04956043956043943,-0.003140719465527344
-0.05036630036630019,-0.003140719465527344
-0.05117216117216117,-0.003140719465527344
-0.05197802197802193,-0.003140719465527344
-0.052783882783882685,-0.003140719465527344
-0.053589743589743444,-0.003140719465527344
-0.0543956043956042,-0.003140719465527344
-0.05520146520146518,-0.003140719465527344
-0.05600732600732594,-0.003140719465527344
-0.0568131868131867,-0.003140719465527344
-0.05761904761904746,-0.003140719465527344
-0.05842490842490844,-0.003140719465527344
-0.0592307692307692,-0.003140719465527344
-0.06003663003662996,-0.003140719465527344
-0.060842490842490715,-0.003140719465527344
-0.061648351648351474,-0.003140719465527344
-0.062454212454212454,-0.003140719465527344
-0.06326007326007321,-0.003140719465527344
-0.06406593406593397,-0.003140719465527344
-0.06487179487179473,-0.003140719465527344
-0.06567765567765549,-0.003140719465527344
-0.06648351648351647,-0.003140719465527344
-0.06728937728937723,-0.003140719465527344
-0.06809523809523799,-0.003140719465527344
-0.06890109890109875,-0.003140719465527344
-0.06970695970695973,-0.003140719465527344
-0.07051282051282048,-0.003140719465527344
-0.07131868131868124,-0.003140719465527344
-0.072124542124542,-0.003140719465527344
-0.07293040293040276,-0.003140719465527344
-0.07373626373626374,-0.003140719465527344
-0.0745421245421245,-0.003140719465527344
-0.07534798534798526,-0.003140719465527344
-0.07615384615384602,-0.003140719465527344
-0.07695970695970678,-0.003140719465527344
-0.07776556776556776,-0.003140719465527344
-0.07857142857142851,-0.003140719465527344
-0.07937728937728927,-0.003140719465527344
-0.08018315018315003,-0.003140719465527344
-0.08098901098901101,-0.003140719465527344
-0.08179487179487177,-0.003140719465527344
-0.08260073260073253,-0.003140719465527344
-0.08340659340659329,-0.003140719465527344
-0.08421245421245405,-0.003140719465527344
-0.08501831501831503,-0.003140719465527344
-0.08582417582417579,-0.003140719465527344
-0.08663003663003654,-0.003140719465527344
-0.0874358974358973,-0.003140719465527344
-0.08824175824175806,-0.003140719465527344
-0.08904761904761904,-0.003140719465527344
-0.0898534798534798,-0.003140719465527344
-0.09065934065934056,-0.003140719465527344
-0.09146520146520132,-0.003140719465527344
-0.09227106227106208,-0.003140719465527344
-0.09307692307692306,-0.003140719465527344
-0.09388278388278382,-0.003140719465527344
-0.09468864468864457,-0.003140719465527344
-0.09549450549450533,-0.003140719465527344
-0.09630036630036631,-0.003140719465527344
-0.09710622710622707,-0.003140719465527344
-0.09791208791208783,-0.003140719465527344
-0.09871794871794859,-0.003140719465527344
-0.09952380952380935,-0.003140719465527344
-0.10032967032967033,-0.003140719465527344
-0.09952380952380935,-0.003140719465527344
-0.09871794871794859,-0.003140719465527344
-0.09791208791208783,-0.003140719465527344
-0.09710622710622707,-0.003140719465527344
-0.09630036630036631,-0.003140719465527344
-0.09549450549450533,-0.003140719465527344
-0.09468864468864457,-0.003140719465527344
-0.09388278388278382,-0.003140719465527344
-0.09307692307692306,-0.003140719465527344
-0.09227106227106208,-0.003140719465527344
-0.09146520146520132,-0.003140719465527344
-0.09065934065934056,-0.003140719465527344
-0.0898534798534798,-0.003140719465527344
-0.08904761904761904,-0.003140719465527344
-0.08824175824175806,-0.003140719465527344
-0.0874358974358973,-0.003140719465527344
-0.08663003663003654,-0.003140719465527344
-0.08582417582417579,-0.003140719465527344
-0.08501831501831503,-0.003140719465527344
-0.08421245421245405,-0.003140719465527344
-0.08340659340659329,-0.003140719465527344
-0.08260073260073253,-0.003140719465527344
-0.08179487179487177,-0.003140719465527344
-0.08098901098901101,-0.003140719465527344
-0.08018315018315003,-0.003140719465527344
-0.07937728937728927,-0.003140719465527344
-0.07857142857142851,-0.003140719465527344
-0.07776556776556776,-0.003140719465527344
-0.07695970695970678,-0.003140719465527344
-0.07615384615384602,-0.003140719465527344
-0.07534798534798526,-0.003140719465527344
-0.0745421245421245,-0.003140719465527344
-0.07373626373626374,-0.003140719465527344
-0.07293040293040276,-0.003140719465527344
-0.072124542124542,-0.003140719465527344
-0.07131868131868124,-0.003140719465527344
-0.07051282051282048,-0.003140719465527344
-0.06970695970695973,-0.003140719465527344
-0.06890109890109875,-0.003140719465527344
-0.06809523809523799,-0.003140719465527344
-0.06728937728937723,-0.003140719465527344
-0.06648351648351647,-0.003140719465527344
-0.06567765567765549,-0.003140719465527344
-0.06487179487179473,-0.003140719465527344
-0.06406593406593397,-0.003140719465527344
-0.06326007326007321,-0.003140719465527344
-0.062454212454212454,-0.003140719465527344
-0.061648351648351474,-0.003140719465527344
-0.060842490842490715,-0.003140719465527344
-0.06003663003662996,-0.003140719465527344
-0.0592307692307692,-0.003140719465527344
-0.05842490842490844,-0.003140719465527344
-0.05761904761904746,-0.003140719465527344
-0.0568131868131867,-0.003140719465527344
-0.05600732600732594,-0.003140719465527344
-0.05520146520146518,-0.003140719465527344
-0.0543956043956042,-0.003140719465527344
-0.053589743589743444,-0.003140719465527344
-0.052783882783882685,-0.003140719465527344
-0.05197802197802193,-0.003140719465527344
-0.05117216117216117,-0.003140719465527344
-0.05036630036630019,-0.003140719465527344
-0.04956043956043943,-0.003140719465527344
-0.04875457875457867,-0.003140719465527344
-0.04794871794871791,-0.003140719465527344
-0.04714285714285715,-0.003140719465527344
-0.04633699633699617,-0.003140719465527344
-0.045531135531135414,-0.003140719465527344
-0.044725274725274655,-0.003140719465527344
-0.0439194139194139,-0.003140719465527344
-0.043113553113552916,-0.003140719465527344
-0.04230769230769216,-0.003140719465527344
-0.0415018315018314,-0.003140719465527344
-0.04069597069597064,-0.003140719465527344
-0.03989010989010988,-0.003140719465527344
-0.0390842490842489,-0.003140719465527344
-0.03827838827838814,-0.003140719465527344
-0.037472527472527384,-0.003140719465527344
-0.036666666666666625,-0.003140719465527344
-0.03586080586080587,-0.003140719465527344
-0.035054945054944886,-0.003140719465527344
-0.03424908424908413,-0.003140719465527344
-0.03344322344322337,-0.003140719465527344
-0.03263736263736261,-0.003140719465527344
-0.03183150183150185,-0.003140719465527344
-0.03102564102564087,-0.003140719465527344
-0.030219780219780112,-0.003140719465527344
-0.029413919413919354,-0.003140719465527344
-0.028608058608058595,-0.003140719465527344
-0.027802197802197615,-0.003140719465527344
-0.026996336996336856,-0.003140719465527344
-0.026190476190476097,-0.003140719465527344
-0.02538461538461534,-0.003140719465527344
-0.02457875457875458,-0.003140719465527344
-0.0237728937728936,-0.003140719465527344
-0.02296703296703284,-0.003140719465527344
-0.022161172161172082,-0.003140719465527344
-0.021355311355311324,-0.003140719465527344
-0.020549450549450565,-0.003140719465527344
-0.019743589743589585,-0.003140719465527344
-0.018937728937728826,-0.003140719465527344
-0.018131868131868067,-0.003140719465527344
-0.01732600732600731,-0.003140719465527344
-0.016520146520146328,-0.003140719465527344
-0.01571428571428557,-0.003140719465527344
-0.014908424908424811,-0.003140719465527344
-0.014102564102564052,-0.003140719465527344
-0.013296703296703294,-0.003140719465527344
-0.012490842490842313,-0.003140719465527344
-0.011684981684981555,-0.003140719465527344
-0.010879120879120796,-0.003140719465527344
-0.010073260073260037,-0.003140719465527344
-0.009267399267399279,-0.003140719465527344
-0.008461538461538298,-0.003140719465527344
-0.00765567765567754,-0.003140719465527344
-0.006849816849816781,-0.003140719465527344
-0.0060439560439560225,-0.003140719465527344
-0.005238095238095042,-0.003140719465527344
-0.004432234432234283,-0.003140719465527344
-0.0036263736263735247,-0.003140719465527344
-0.002820512820512766,-0.003140719465527344
-0.0020146520146520075,-0.003140719465527344
-0.0012087912087910269,-0.003140719465527344
-0.00040293040293026827,-0.003140719465527344
0.0004029304029304903,-0.003140719465527344
0.001208791208791249,-0.003140719465527344
0.0020146520146520075,-0.003140719465527344
0.002820512820512988,-0.003140719465527344
0.0036263736263737467,-0.003140719465527344
0.004432234432234505,-0.003140719465527344
0.005238095238095264,-0.003140719465527344
0.0060439560439560225,-0.003140719465527344
0.006849816849817003,-0.003140719465527344
0.007655677655677762,-0.003140719465527344
0.00846153846153852,-0.003140719465527344
0.009267399267399279,-0.003140719465527344
0.01007326007326026,-0.003140719465527344
0.010879120879121018,-0.003140719465527344
0.011684981684981777,-0.003140719465527344
0.012490842490842535,-0.003140719465527344
0.013296703296703294,-0.003140719465527344
0.014102564102564275,-0.0031407682936035156
0.014908424908425033,-0.0031411589182128905
0.01571428571428579,-0.0031411589182128905
0.01652014652014655,-0.0031415495428222654
0.01732600732600731,-0.0031420378235839843
0.01813186813186829,-0.0031442350870117186
0.018937728937729048,-0.003146481178515625
0.019743589743589807,-0.003147262427734375
0.020549450549450565,-0.0031428190728027346
0.021355311355311546,-0.0031477507084960938
0.022161172161172304,4.794922080078125e-05
0.022967032967033063,4.6777346972656244e-05
0.02377289377289382,4.9560547314453124e-05
0.02457875457875458,4.7656252343749994e-05
0.02538461538461556,4.794922080078125e-05
0.02619047619047632,4.47265677734375e-05
0.026996336996337078,4.448242739257812e-05
0.027802197802197837,4.501953623046875e-05
0.028608058608058595,4.663086274414063e-05
0.029413919413919576,4.3750006249999995e-05
0.030219780219780334,4.003907246093749e-05
0.031025641025641093,4.135743051757812e-05
0.03183150183150185,4.248047626953125e-05
0.03263736263736283,4.370117817382812e-05
0.03344322344322359,4.169922705078125e-05
0.03424908424908435,3.916016708984375e-05
0.03505494505494511,3.8964854785156246e-05
0.03586080586080587,4.130860244140625e-05
0.03666666666666685,4.130860244140625e-05
0.037472527472527606,4.013672861328125e-05
0.038278388278388364,3.6279310595703124e-05
0.03908424908424912,3.6669935205078123e-05
0.03989010989010988,3.9306651318359366e-05
0.04069597069597086,4.1601570898437496e-05
0.04150183150183162,3.403321909179688e-05
0.04230769230769238,3.486329638671875e-05
0.04311355311355314,3.505860869140625e-05
0.0439194139194139,3.989258823242187e-05
0.04472527472527488,3.696290366210937e-05
0.045531135531135636,3.691407558593749e-05
0.046336996336996394,3.3251969873046875e-05
0.04714285714285715,3.540040522460937e-05
0.047948717948718134,3.5888685986328125e-05
0.04875457875457889,3.691407558593749e-05
0.04956043956043965,3.466798408203124e-05
0.05036630036630041,3.28125171875e-05
0.05117216117216117,3.3105485644531245e-05
0.05197802197802215,3.9501963623046876e-05
0.05278388278388291,3.5839857910156246e-05
0.053589743589743666,3.2226580273437495e-05
0.054395604395604424,3.0908222216796873e-05
0.05520146520146518,3.4912124462890624e-05
0.056007326007326164,3.3593766406249995e-05
0.05681318681318692,3.5351577148437495e-05
0.05761904761904768,3.295900141601562e-05
0.05842490842490844,3.0908222216796873e-05
0.05923076923076942,3.564454560546875e-05
0.06003663003663018,3.623048251953125e-05
0.06084249084249094,3.442384370117187e-05
0.061648351648351696,2.8955099169921874e-05
0.062454212454212454,3.149415913085937e-05
0.06326007326007344,3.300782949218749e-05
0.0640659340659342,3.5351577148437495e-05
0.06487179487179495,3.315431372070313e-05
0.06567765567765571,3.203126796875e-05
0.06648351648351647,3.06640818359375e-05
0.06728937728937745,3.305665756835937e-05
0.06809523809523821,3.4375015625e-05
0.06890109890109897,3.295900141601562e-05
0.06970695970695973,2.63672111328125e-05
0.0705128205128207,2.9687520312499997e-05
0.07131868131868146,3.364259448242187e-05
0.07212454212454222,3.510743676757812e-05
0.07293040293040298,2.9003927246093746e-05
0.07373626373626374,2.9736348388671872e-05
0.07454212454212472,2.8613302636718747e-05
0.07534798534798548,3.251954873046875e-05
0.07615384615384624,3.1884783740234375e-05
0.076959706959707,3.1445331054687496e-05
0.07776556776556776,2.7001976123046875e-05
0.07857142857142874,2.919923955078125e-05
0.0793772893772895,3.3203141796875e-05
0.08018315018315025,3.1005878369140625e-05
0.08098901098901101,2.94922080078125e-05
0.08179487179487199,2.6855491894531247e-05
0.08260073260073275,2.934572377929687e-05
0.08340659340659351,3.2373064501953126e-05
0.08421245421245427,3.168947143554687e-05
0.08501831501831503,2.7832053417968745e-05
0.08582417582417601,2.6855491894531247e-05
0.08663003663003677,2.934572377929687e-05
0.08743589743589752,3.2714861035156246e-05
0.08824175824175828,3.173829951171875e-05
0.08904761904761904,2.7978537646484376e-05
0.08985347985348002,2.4902368847656248e-05
0.09065934065934078,3.3593766406249995e-05
0.09146520146520154,3.305665756835937e-05
0.0922710622710623,3.1396502978515624e-05
0.09307692307692306,2.5488305761718747e-05
0.09388278388278404,2.788088149414062e-05
0.0946886446886448,2.919923955078125e-05
0.09549450549450555,3.2714861035156246e-05
0.09630036630036631,2.9834004541015624e-05
0.0971062271062273,2.827150610351562e-05
0.09791208791208805,2.7294944580078122e-05
0.09871794871794881,3.0175801074218747e-05
0.09952380952380957,3.159181528320313e-05
0.10032967032967033,3.0175801074218747e-05
0.10113553113553131,2.2802761572265625e-05
0.10194139194139207,2.71484603515625e-05
0.10274725274725283,3.159181528320313e-05
0.10355311355311358,3.247072065429687e-05
0.10435897435897434,2.6709007666015624e-05
0.10516483516483532,2.7050804199218747e-05
0.10597069597069608,2.6220726904296873e-05
0.10677655677655684,2.98828326171875e-05
0.1075824175824176,3.0419941455078123e-05
0.10838827838827858,2.724611650390625e-05
0.10919413919413934,2.3876979248046874e-05
0.1100000000000001,2.6953148046875e-05
0.11080586080586086,3.1884783740234375e-05
0.11161172161172161,2.9638692236328124e-05
0.1124175824175826,2.6855491894531247e-05
0.11322344322344335,2.4072291552734374e-05
0.11402930402930411,2.71484603515625e-05
0.11483516483516487,3.1103534521484376e-05
0.11564102564102563,2.9687520312499997e-05
0.11644688644688661,2.4755884619140624e-05
0.11725274725274737,2.451174423828125e-05
0.11805860805860813,2.71484603515625e-05
0.11886446886446889,3.10547064453125e-05
0.11967032967032987,2.9834004541015624e-05
0.12047619047619063,2.5488305761718747e-05
0.12128205128205138,2.2802761572265625e-05
0.12208791208791214,3.149415913085937e-05
0.1228937728937729,3.154298720703125e-05
0.12369963369963388,2.9248067626953122e-05
0.12450549450549464,2.2851589648437497e-05
0.1253113553113554,2.5878930371093746e-05
0.12611721611721616,2.7734397265624997e-05
0.12692307692307692,3.115236259765625e-05
0.1277289377289379,2.7490256884765622e-05
0.12853479853479866,2.5927758447265622e-05
0.12934065934065941,2.4853540771484376e-05
0.13014652014652017,2.8808614941406247e-05
0.13095238095238093,3.037111337890625e-05
0.1317582417582419,2.8125021874999997e-05
0.13256410256410267,2.0410185839843747e-05
0.13336996336996343,2.4902368847656248e-05
0.1341758241758242,3.022462915039062e-05
0.13498168498168517,3.1884783740234375e-05
0.13578754578754593,2.4707056542968745e-05
0.13659340659340669,2.514650922851562e-05
0.13739926739926744,2.4169947705078122e-05
0.1382051282051282,2.9101583398437498e-05
0.13901098901098918,2.934572377929687e-05
0.13981684981684994,2.4169947705078122e-05
0.1406227106227107,2.1777371972656248e-05
0.14142857142857146,2.5683618066406246e-05
0.14223443223443222,3.159181528320313e-05
0.1430402930402932,2.8515646484375e-05
0.14384615384615396,2.48047126953125e-05
0.14465201465201472,2.2216824658203123e-05
0.14545787545787547,2.6025414599609373e-05
0.14626373626373645,2.8759786865234374e-05
0.1470695970695972,2.8613302636718747e-05
0.14787545787545797,2.3828151171875e-05
0.14868131868131873,2.2705105419921873e-05
0.1494871794871795,2.5878930371093746e-05
0.15029304029304047,3.1884783740234375e-05
0.15109890109890123,2.8808614941406247e-05
0.151904761904762,2.319338618164062e-05
0.15271062271062275,2.119143505859375e-05
0.1535164835164835,3.032228530273437e-05
0.15432234432234448,3.02734572265625e-05
0.15512820512820524,2.8222678027343748e-05
0.155934065934066,2.20703404296875e-05
0.15673992673992676,2.4902368847656248e-05
0.15754578754578774,2.646486728515625e-05
0.1583516483516485,3.125001875e-05
0.15915750915750926,2.709963227539062e-05
0.15996336996337002,2.202151235351562e-05
0.16076923076923078,2.3779323095703126e-05
0.16157509157509176,2.83203341796875e-05
0.16238095238095251,3.071290991210937e-05
0.16318681318681327,2.6220726904296873e-05
0.16399267399267403,2.1435575439453124e-05
0.1647985347985348,2.44140880859375e-05
0.16560439560439577,2.9931660693359375e-05
0.16641025641025653,2.9736348388671872e-05
0.1672161172161173,2.5537133837890623e-05
0.16802197802197805,2.1289091210937497e-05
0.1688278388278388,2.3730495019531247e-05
0.16963369963369979,2.958986416015625e-05
0.17043956043956054,3.1103534521484376e-05
0.1712454212454213,2.0751982373046874e-05
0.17205128205128206,2.060549814453125e-05
0.17285714285714304,2.4169947705078122e-05
0.1736630036630038,3.0908222216796873e-05
0.17446886446886456,2.7343772656249998e-05
0.17527472527472532,2.51953373046875e-05
0.17608058608058608,2.0556670068359374e-05
0.17688644688644706,2.5830102294921874e-05
0.17769230769230782,2.939455185546875e-05
0.17849816849816857,2.8125021874999997e-05
0.17930402930402933,2.294924580078125e-05
0.1801098901098901,2.0947294677734374e-05
0.18091575091575107,2.5683618066406246e-05
0.18172161172161183,3.1884783740234375e-05
0.1825274725274726,2.7587913037109373e-05
0.18333333333333335,2.104495083007812e-05
0.18413919413919433,2.1142606982421873e-05
0.1849450549450551,2.7001976123046875e-05
0.18575091575091585,2.8955099169921874e-05
0.1865567765567766,2.7587913037109373e-05
0.18736263736263736,2.1972684277343747e-05
0.18816849816849834,2.0800810449218746e-05
0.1889743589743591,3.125001875e-05
0.18978021978021986,3.0615253759765626e-05
0.19058608058608062,2.709963227539062e-05
0.19139194139194138,1.9287140087890625e-05
0.19219780219780236,2.3876979248046874e-05
0.19300366300366312,2.724611650390625e-05
0.19380952380952388,3.076173798828124e-05
0.19461538461538463,2.4853540771484376e-05
0.19542124542124562,2.2509793115234374e-05
0.19622710622710637,2.3095730029296873e-05
0.19703296703296713,2.87109587890625e-05
0.1978388278388279,2.9687520312499997e-05
0.19864468864468865,2.5000025e-05
0.19945054945054963,1.708987666015625e-05
0.2002564102564104,2.3486354638671872e-05
0.19945054945054963,3.022462915039062e-05
0.19864468864468865,3.022462915039062e-05
0.1978388278388279,2.0947294677734374e-05
0.19703296703296713,2.1533231591796872e-05
0.19622710622710637,2.299807387695312e-05
0.19542124542124562,2.8173849951171872e-05
0.19461538461538463,2.6562523437499996e-05
0.19380952380952388,2.1777371972656248e-05
0.19300366300366312,1.7968782031249994e-05
0.19219780219780236,2.4072291552734374e-05
0.19139194139194138,2.8955099169921874e-05
0.19058608058608062,2.529299345703125e-05
0.18978021978021986,2.0263701611328123e-05
0.1889743589743591,1.865237509765625e-05
0.18816849816849834,2.3876979248046874e-05
0.18736263736263736,2.7685569189453125e-05
0.1865567765567766,2.48047126953125e-05
0.18575091575091585,1.8896515478515623e-05
0.1849450549450551,1.899417163085937e-05
0.18413919413919433,2.3584010791015623e-05
0.18333333333333335,2.7636741113281246e-05
0.1825274725274726,2.4658228466796873e-05
0.18172161172161183,1.8798859326171875e-05
0.18091575091575107,1.6992220507812496e-05
0.1801098901098901,2.7685569189453125e-05
0.17930402930402933,2.739260073242187e-05
0.17849816849816857,2.40234634765625e-05
0.17769230769230782,1.655276782226562e-05
0.17688644688644706,2.0898466601562498e-05
0.17608058608058608,2.3144558105468748e-05
0.17527472527472532,2.75390849609375e-05
0.17446886446886456,2.0507841992187495e-05
0.1736630036630038,1.923831201171875e-05
0.17285714285714304,1.9482452392578125e-05
0.17205128205128206,2.4658228466796873e-05
0.1712454212454213,2.5830102294921874e-05
0.17043956043956054,2.1728543896484375e-05
0.16963369963369979,1.4355504394531251e-05
0.1688278388278388,1.953128046875e-05
0.16802197802197805,2.6025414599609373e-05
0.1672161172161173,2.59765865234375e-05
0.16641025641025653,1.977542084960937e-05
0.16560439560439577,1.9433624316406246e-05
0.1647985347985348,1.918948393554687e-05
0.16399267399267403,2.3876979248046874e-05
0.16318681318681327,2.4755884619140624e-05
0.16238095238095251,1.7382845117187498e-05
0.16157509157509176,1.5380893994140627e-05
0.16076923076923078,1.977542084960937e-05
0.15996336996337002,2.6660179589843744e-05
0.15915750915750926,2.294924580078125e-05
0.1583516483516485,1.8701203173828123e-05
0.15754578754578774,1.5820346679687495e-05
0.15673992673992676,2.060549814453125e-05
0.155934065934066,2.319338618164062e-05
0.15512820512820524,2.2363308886718747e-05
0.15432234432234448,1.7529329345703126e-05
0.1535164835164835,1.66015958984375e-05
0.15271062271062275,2.021487353515625e-05
0.151904761904762,2.6171898828124997e-05
0.15109890109890123,2.2412136962890622e-05
0.15029304029304047,1.6699252050781248e-05
0.1494871794871795,1.54297220703125e-05
0.14868131868131873,2.44140880859375e-05
0.14787545787545797,2.40234634765625e-05
0.1470695970695972,2.216799658203125e-05
0.14626373626373645,1.591800283203125e-05
0.14545787545787547,1.8457062792968744e-05
0.14465201465201472,1.9970733154296872e-05
0.14384615384615396,2.5000025e-05
0.1430402930402932,2.0459013916015623e-05
0.14223443223443222,1.650393974609375e-05
0.14142857142857146,1.7382845117187498e-05
0.1406227106227107,2.1533231591796872e-05
0.13981684981684994,2.3828151171875e-05
0.13901098901098918,1.9873077001953124e-05
0.1382051282051282,1.4990269384765624e-05
0.13739926739926744,1.6406283593749997e-05
0.13659340659340669,2.2851589648437497e-05
0.13578754578754593,2.299807387695312e-05
0.13498168498168517,1.962893662109375e-05
0.1341758241758242,1.54297220703125e-05
0.13336996336996343,1.6992220507812496e-05
0.13256410256410267,2.20703404296875e-05
0.1317582417582419,2.44140880859375e-05
0.13095238095238093,1.4453160546874996e-05
0.13014652014652017,1.4697300927734375e-05
0.12934065934065941,1.6992220507812496e-05
0.12853479853479866,2.294924580078125e-05
0.1277289377289379,2.0410185839843747e-05
0.12692307692307692,1.923831201171875e-05
0.12611721611721616,1.4404332470703123e-05
0.1253113553113554,1.811526625976562e-05
0.12450549450549464,2.0556670068359374e-05
0.12369963369963388,2.0898466601562498e-05
0.1228937728937729,1.7187532812500002e-05
0.12208791208791214,1.489261323242188e-05
0.12128205128205138,1.7236360888671868e-05
0.12047619047619063,2.451174423828125e-05
0.11967032967032987,2.0654326220703126e-05
0.11886446886446889,1.4941441308593745e-05
0.11805860805860813,1.376956748046875e-05
0.11725274725274737,1.9287140087890625e-05
0.11644688644688661,1.9482452392578125e-05
0.11564102564102563,2.0459013916015623e-05
0.11483516483516487,1.66015958984375e-05
0.11402930402930411,1.5039097460937498e-05
0.11322344322344335,2.1777371972656248e-05
0.1124175824175826,2.2656277343749998e-05
0.11161172161172161,2.01172173828125e-05
0.11080586080586086,1.318363056640625e-05
0.1100000000000001,1.6308627441406252e-05
0.10919413919413934,1.9335968164062494e-05
0.10838827838827858,2.2314480810546874e-05
0.1075824175824176,1.860354702148437e-05
0.10677655677655684,1.66015958984375e-05
0.10597069597069608,1.6113315136718753e-05
0.10516483516483532,1.9726592773437497e-05
0.10435897435897434,2.1142606982421873e-05
0.10355311355311358,1.8896515478515623e-05
0.10274725274725283,1.1962928662109377e-05
0.10194139194139207,1.5771518603515622e-05
0.10113553113553131,2.0800810449218746e-05
0.10032967032967033,2.2265652734375e-05
0.09952380952380957,1.484378515625e-05
0.09871794871794881,1.5283237841796868e-05
0.09791208791208805,1.5039097460937498e-05
0.0971062271062273,1.977542084960937e-05
0.09630036630036631,1.9726592773437497e-05
0.09549450549450555,1.7334017041015626e-05
0.0946886446886448,1.2890662109374999e-05
0.09388278388278404,1.6796908203125e-05
0.09307692307692306,2.0849638525390622e-05
0.0922710622710623,1.8896515478515623e-05
0.09146520146520154,1.6015658984374994e-05
0.09065934065934078,1.3720739404296871e-05
0.08985347985348002,1.6699252050781248e-05
0.08904761904761904,2.006838930664062e-05
0.08824175824175828,1.8945343554687495e-05
0.08743589743589752,1.4550816699218749e-05
0.08663003663003677,1.3964879785156249e-05
0.08582417582417601,1.6455111669921876e-05
0.08501831501831503,1.982424892578125e-05
0.08421245421245427,1.9482452392578125e-05
0.08340659340659351,1.5234409765625003e-05
0.08260073260073275,1.2402381347656252e-05
0.08179487179487199,2.060549814453125e-05
0.08098901098901101,2.0459013916015623e-05
0.08018315018315025,1.865237509765625e-05
0.0793772893772895,1.3134802490234371e-05
0.07857142857142874,1.5576206298828126e-05
0.07776556776556776,1.6357455517578125e-05
0.076959706959707,2.0507841992187495e-05
0.07615384615384624,1.7529329345703126e-05
0.07534798534798548,1.5576206298828126e-05
0.07454212454212472,1.4550816699218749e-05
0.07373626373626374,1.767581357421875e-05
0.07293040293040298,1.9482452392578125e-05
0.07212454212454222,1.7968782031249994e-05
0.07131868131868146,1.09375390625e-05
0.0705128205128207,1.4501988623046877e-05
0.06970695970695973,1.8945343554687495e-05
0.06890109890109897,2.0507841992187495e-05
0.06809523809523821,1.5380893994140627e-05
0.06728937728937745,1.5771518603515622e-05
0.06648351648351647,1.3867223632812495e-05
0.06567765567765571,1.7480501269531246e-05
0.06487179487179495,1.865237509765625e-05
0.0640659340659342,1.4160192089843753e-05
0.06326007326007344,1.1669960205078126e-05
0.062454212454212454,1.484378515625e-05
0.061648351648351696,2.006838930664062e-05
0.06084249084249094,1.743167319335937e-05
0.06003663003663018,1.508792553710937e-05
0.05923076923076942,1.2793005957031248e-05
0.05842490842490844,1.5283237841796868e-05
0.05761904761904768,1.7187532812500002e-05
0.05681318681318692,1.7529329345703126e-05
0.056007326007326164,1.4013707861328121e-05
0.05520146520146518,1.3281286718750003e-05
0.054395604395604424,1.4306676318359372e-05
0.053589743589743666,1.953128046875e-05
0.05278388278388291,1.811526625976562e-05
0.05197802197802215,1.3916051708984376e-05
0.05117216117216117,1.123050751953125e-05
0.05036630036630041,1.918948393554687e-05
0.04956043956043965,1.865237509765625e-05
0.04875457875457889,1.821292241210937e-05
0.047948717948718134,1.2451209423828124e-05
0.04714285714285715,1.4306676318359372e-05
0.046336996336996394,1.4453160546874996e-05
0.045531135531135636,1.8945343554687495e-05
0.04472527472527488,1.6455111669921876e-05
0.0439194139194139,1.479495708007812e-05
0.04311355311355314,1.3330114794921869e-05
0.04230769230769238,1.5869174755859374e-05
0.04150183150183162,1.8017610107421873e-05
0.04069597069597086,1.6894564355468744e-05
0.03989010989010988,9.912149462890617e-06
0.03908424908424912,1.284183403320312e-05
0.038278388278388364,1.767581357421875e-05
0.037472527472527606,1.9042999707031253e-05
0.03666666666666685,1.4453160546874996e-05
0.03586080586080587,1.489261323242188e-05
0.03505494505494511,1.3085974414062497e-05
0.03424908424908435,1.5771518603515622e-05
0.03344322344322359,1.7187532812500002e-05
0.03263736263736283,1.3134802490234371e-05
0.03183150183150185,1.1328163671875004e-05
0.031025641025641093,1.3281286718750003e-05
0.030219780219780334,1.860354702148437e-05
0.029413919413919576,1.6699252050781248e-05
0.028608058608058595,1.42578482421875e-05
0.027802197802197837,1.1425819824218749e-05
0.026996336996337078,1.3867223632812495e-05
0.02619047619047632,1.4990269384765624e-05
0.02538461538461556,1.5820346679687495e-05
0.02457875457875458,1.3476599023437501e-05
0.02377289377289382,1.225589711914062e-05
0.022967032967033063,1.3134802490234371e-05
0.022161172161172304,1.9091827783203122e-05
0.021355311355311546,1.6406283593749997e-05
0.020549450549450565,1.2939490185546873e-05
0.019743589743589807,1.03516021484375e-05
0.018937728937729048,1.7138704736328123e-05
0.01813186813186829,1.6308627441406252e-05
0.01732600732600731,1.674808012695312e-05
0.01652014652014655,1.2109412890624994e-05
0.01571428571428579,1.3232458642578122e-05
0.014908424908425033,1.3085974414062497e-05
0.014102564102564275,1.787112587890625e-05
0.013296703296703294,1.5283237841796868e-05
0.012490842490842535,1.2646521728515622e-05
0.011684981684981777,1.2353553271484373e-05
0.010879120879121018,1.4648472851562502e-05
0.01007326007326026,1.7041048583984375e-05
0.009267399267399279,1.5332065917968747e-05
0.00846153846153852,1.09375390625e-05
0.007655677655677762,1.2500037499999996e-05
0.006849816849817003,1.6113315136718753e-05
0.0060439560439560225,1.6699252050781248e-05
0.005238095238095264,1.4990269384765624e-05
0.004432234432234505,1.2304725195312499e-05
0.0036263736263737467,1.1718788281249998e-05
0.002820512820512988,1.4990269384765624e-05
0.0020146520146520075,1.811526625976562e-05
0.001208791208791249,1.0546914453124997e-05
0.0004029304029304903,1.0742226757812502e-05
-0.00040293040293026827,1.1962928662109377e-05
-0.0012087912087910269,1.7285188964843747e-05
-0.0020146520146520075,1.4453160546874996e-05
-0.002820512820512766,1.4013707861328121e-05
-0.0036263736263735247,1.0449258300781246e-05
-0.004432234432234283,1.2988318261718745e-05
-0.005238095238095042,1.3330114794921869e-05
-0.0060439560439560225,1.547855014648437e-05
-0.006849816849816781,1.2744177880859375e-05
-0.00765567765567754,1.1132851367187498e-05
-0.008461538461538298,1.1572304052734374e-05
-0.009267399267399279,1.918948393554687e-05
-0.010073260073260037,1.508792553710937e-05
-0.010879120879120796,1.0156289843749994e-05
-0.011684981684981555,9.960977539062497e-06
-0.012490842490842313,1.4062535937499993e-05
-0.013296703296703294,1.3671911328124997e-05
-0.014102564102564052,1.572269052734375e-05
-0.014908424908424811,1.2304725195312499e-05
-0.01571428571428557,1.1328163671875004e-05
-0.016520146520146328,1.3964879785156249e-05
-0.01732600732600731,1.6943392431640623e-05
-0.018131868131868067,1.4306676318359372e-05
-0.018937728937728826,1.0156289843749994e-05
-0.019743589743589585,1.1523475976562493e-05
-0.020549450549450565,1.3623083251953125e-05
-0.021355311355311324,1.596683090820313e-05
-0.022161172161172082,1.3525427099609374e-05
-0.02296703296703284,1.1865272509765624e-05
-0.0237728937728936,1.1523475976562493e-05
-0.02457875457875458,1.4355504394531251e-05
-0.02538461538461534,1.5185581689453122e-05
-0.026190476190476097,1.4062535937499993e-05
-0.026996336996336856,9.521524853515628e-06
-0.027802197802197615,1.0839882910156248e-05
-0.028608058608058595,1.42578482421875e-05
-0.029413919413919354,1.6943392431640623e-05
-0.030219780219780112,9.814493310546873e-06
-0.03102564102564087,9.960977539062497e-06
-0.03183150183150185,1.03516021484375e-05
-0.03263736263736261,1.5185581689453122e-05
-0.03344322344322337,1.3476599023437501e-05
-0.03424908424908413,1.3916051708984376e-05
-0.035054945054944886,9.130900244140626e-06
-0.03586080586080587,1.1962928662109377e-05
-0.036666666666666625,1.3574255175781246e-05
-0.037472527472527384,1.4160192089843753e-05
-0.03827838827838814,1.1767616357421872e-05
-0.0390842490842489,9.716837158203126e-06
-0.03989010989010988,1.0791054833984376e-05
-0.04069597069597064,1.625979936523437e-05
-0.0415018315018314,1.4111364013671874e-05
-0.04230769230769216,1.0205117919921875e-05
-0.043113553113552916,9.521524853515628e-06
-0.0439194139194139,1.1523475976562493e-05
-0.044725274725274655,1.3427770947265627e-05
-0.045531135531135414,1.4160192089843753e-05
-0.04633699633699617,1.09375390625e-05
-0.04714285714285715,8.154338720703123e-06
-0.04794871794871791,1.484378515625e-05
-0.04875457875457867,1.484378515625e-05
-0.04956043956043943,1.4013707861328121e-05
-0.05036630036630019,8.593791406249998e-06
-0.05117216117216117,1.1084023291015625e-05
-0.05197802197802193,1.1279335595703123e-05
-0.052783882783882685,1.5283237841796868e-05
-0.053589743589743444,1.2988318261718745e-05
-0.0543956043956042,1.1572304052734374e-05
-0.05520146520146518,1.0107461767578122e-05
-0.05600732600732594,1.2353553271484373e-05
-0.0568131868131867,1.4209020166015619e-05
-0.05761904761904746,1.3037146337890625e-05
-0.05842490842490844,6.591840283203126e-06
-0.0592307692307692,1.0205117919921875e-05
-0.06003663003662996,1.4062535937499993e-05
-0.060842490842490715,1.5332065917968747e-05
-0.061648351648351474,1.0693398681640623e-05
-0.062454212454212454,1.123050751953125e-05
-0.06326007326007321,9.668009082031247e-06
-0.06406593406593397,1.2158240966796875e-05
-0.06487179487179473,1.3427770947265627e-05
-0.06567765567765549,1.0253945996093754e-05
-0.06648351648351647,7.910198339843752e-06
-0.06728937728937723,1.0253945996093754e-05
-0.06809523809523799,1.4599644775390621e-05
-0.06890109890109875,1.2548865576171877e-05
-0.06970695970695973,1.0546914453124997e-05
-0.07051282051282048,8.447307177734372e-06
-0.07131868131868124,1.0546914453124997e-05
-0.072124542124542,1.225589711914062e-05
-0.07293040293040276,1.2988318261718745e-05
-0.07373626373626374,9.765665234374999e-06
-0.0745421245421245,8.593791406249998e-06
-0.07534798534798526,9.765665234374999e-06
-0.07615384615384602,1.4697300927734375e-05
-0.07695970695970678,1.284183403320312e-05
-0.07776556776556776,9.326212548828124e-06
-0.07857142857142851,6.494184130859374e-06
-0.07937728937728927,1.4209020166015619e-05
-0.08018315018315003,1.3085974414062497e-05
-0.08098901098901101,1.2939490185546873e-05
-0.08179487179487177,8.593791406249998e-06
-0.08260073260073253,9.960977539062497e-06
-0.08340659340659329,9.619181005859375e-06
-0.08421245421245405,1.4306676318359372e-05
-0.08501831501831503,1.1816444433593751e-05
-0.08582417582417579,8.935587939453121e-06
-0.08663003663003654,8.789103710937502e-06
-0.0874358974358973,1.1035195214843746e-05
-0.08824175824175806,1.3720739404296871e-05
-0.08904761904761904,1.1962928662109377e-05
-0.0898534798534798,7.1289491210937465e-06
-0.09065934065934056,8.837931787109368e-06
-0.09146520146520132,1.2695349804687503e-05
-0.09227106227106208,1.3330114794921869e-05
-0.09307692307692306,1.1035195214843746e-05
-0.09388278388278382,8.935587939453121e-06
-0.09468864468864457,8.544963330078125e-06
-0.09549450549450533,1.1914100585937496e-05
-0.09630036630036631,1.42578482421875e-05
-0.09710622710622707,6.738324511718744e-06
-0.09791208791208783,7.324261425781252e-06
-0.09871794871794859,8.007854492187497e-06
-0.09952380952380935,1.3525427099609374e-05
-0.10032967032967033,1.137699174804687e-05
-0.09952380952380935,1.0791054833984376e-05
-0.09871794871794859,6.738324511718744e-06
-0.09791208791208783,9.912149462890617e-06
-0.09710622710622707,1.0986367138671874e-05
-0.09630036630036631,1.1914100585937496e-05
-0.09549450549450533,9.716837158203126e-06
-0.09468864468864457,8.10551064453125e-06
-0.09388278388278382,8.984416015625e-06
-0.09307692307692306,1.54297220703125e-05
-0.09227106227106208,1.2402381347656252e-05
-0.09146520146520132,8.10551064453125e-06
-0.09065934065934056,7.1289491210937465e-06
-0.0898534798534798,1.088871098632812e-05
-0.08904761904761904,1.0644570605468743e-05
-0.08824175824175806,1.3232458642578122e-05
-0.0874358974358973,1.0156289843749994e-05
-0.08663003663003654,7.861370263671872e-06
-0.08582417582417579,1.3330114794921869e-05
-0.08501831501831503,1.4453160546874996e-05
-0.08421245421245405,1.2353553271484373e-05
-0.08340659340659329,7.324261425781252e-06
-0.08260073260073253,9.814493310546873e-06
-0.08179487179487177,1.1572304052734374e-05
-0.08098901098901101,1.4160192089843753e-05
-0.08018315018315003,1.1914100585937496e-05
-0.07937728937728927,1.1035195214843746e-05
-0.07857142857142851,9.326212548828124e-06
-0.07776556776556776,1.1914100585937496e-05
-0.07695970695970678,1.3281286718750003e-05
-0.07615384615384602,1.3232458642578122e-05
-0.07534798534798526,6.396527978515621e-06
-0.0745421245421245,9.619181005859375e-06
-0.07373626373626374,1.3281286718750003e-05
-0.07293040293040276,1.5039097460937498e-05
-0.072124542124542,9.570352929687494e-06
-0.07131868131868124,1.0253945996093754e-05
-0.07051282051282048,9.179728320312498e-06
-0.06970695970695973,1.2939490185546873e-05
-0.06890109890109875,1.2304725195312499e-05
-0.06809523809523799,1.2548865576171877e-05
-0.06728937728937723,8.251994873046876e-06
-0.06648351648351647,1.0205117919921875e-05
-0.06567765567765549,1.3476599023437501e-05
-0.06487179487179473,1.318363056640625e-05
-0.06406593406593397,1.1328163671875004e-05
-0.06326007326007321,8.886759863281249e-06
-0.062454212454212454,1.030277407226562e-05
-0.061648351648351474,1.4453160546874996e-05
-0.060842490842490715,1.3671911328124997e-05
-0.06003663003662996,9.765665234374999e-06
-0.0592307692307692,9.130900244140626e-06
-0.05842490842490844,1.0644570605468743e-05
-0.05761904761904746,1.318363056640625e-05
-0.0568131868131867,1.3623083251953125e-05
-0.05600732600732594,1.0839882910156248e-05
-0.05520146520146518,7.910198339843752e-06
-0.0543956043956042,1.5625034375e-05
-0.053589743589743444,1.4453160546874996e-05
-0.052783882783882685,1.3574255175781246e-05
-0.05197802197802193,8.935587939453121e-06
-0.05117216117216117,1.137699174804687e-05
-0.05036630036630019,1.123050751953125e-05
-0.04956043956043943,1.4550816699218749e-05
-0.04875457875457867,1.2597693652343743e-05
-0.04794871794871791,1.1572304052734374e-05
-0.04714285714285715,1.0400430224609373e-05
-0.04633699633699617,1.2695349804687503e-05
-0.045531135531135414,1.4306676318359372e-05
-0.044725274725274655,1.4062535937499993e-05
-0.0439194139194139,8.056682568359378e-06
-0.043113553113552916,1.0253945996093754e-05
-0.04230769230769216,1.42578482421875e-05
-0.0415018315018314,1.5039097460937498e-05
-0.04069597069597064,1.2060584814453122e-05
-0.03989010989010988,1.2207069042968754e-05
-0.0390842490842489,1.030277407226562e-05
-0.03827838827838814,1.2695349804687503e-05
-0.037472527472527384,1.5283237841796868e-05
-0.036666666666666625,9.22855639648437e-06
-0.03586080586080587,9.130900244140626e-06
-0.035054945054944886,1.0449258300781246e-05
-0.03424908424908413,1.6113315136718753e-05
-0.03344322344322337,1.2744177880859375e-05
-0.03263736263736261,1.2793005957031248e-05
-0.03183150183150185,9.423868701171868e-06
-0.03102564102564087,1.1572304052734374e-05
-0.030219780219780112,1.2304725195312499e-05
-0.029413919413919354,1.3818395556640623e-05
-0.028608058608058595,1.1962928662109377e-05
-0.027802197802197615,1.0009805615234377e-05
-0.026996336996336856,1.0498086376953125e-05
-0.026190476190476097,1.7334017041015626e-05
-0.02538461538461534,1.3964879785156249e-05
-0.02457875457875458,1.0205117919921875e-05
-0.0237728937728936,9.082072167968747e-06
-0.02296703296703284,1.3085974414062497e-05
-0.022161172161172082,1.2207069042968754e-05
-0.021355311355311324,1.42578482421875e-05
-0.020549450549450565,1.1962928662109377e-05
-0.019743589743589585,1.0009805615234377e-05
-0.018937728937728826,1.4697300927734375e-05
-0.018131868131868067,1.5625034375e-05
-0.01732600732600731,1.3574255175781246e-05
-0.016520146520146328,8.740275634765623e-06
-0.01571428571428557,1.1425819824218749e-05
-0.014908424908424811,1.318363056640625e-05
-0.014102564102564052,1.5527378222656244e-05
-0.013296703296703294,1.2890662109374999e-05
-0.012490842490842313,1.2500037499999996e-05
-0.011684981684981555,1.1328163671875004e-05
-0.010879120879120796,1.3671911328124997e-05
-0.010073260073260037,1.5039097460937498e-05
-0.009267399267399279,1.4404332470703123e-05
-0.008461538461538298,8.3984791015625e-06
-0.00765567765567754,1.0986367138671874e-05
-0.006849816849816781,1.484378515625e-05
-0.0060439560439560225,1.6796908203125e-05
-0.005238095238095042,1.0693398681640623e-05
-0.004432234432234283,1.1523475976562493e-05
