# Params: min_volt -0.2 max_volt 0.2 start_volt 0.0 scan_rate 0.05 direction down num_cycles 1
Stimulation voltage (V),Measured current(A)
-0.005238095238095042,3.906746093749973e-07
-0.004432234432234283,2.9301845703124485e-07
-0.0036263736263735247,1.465342285156197e-07
-0.002820512820512766,2.4419038085937927e-07
-0.0020146520146520075,2.9301845703124485e-07
-0.0012087912087910269,3.418465332031246e-07
-0.00040293040293026827,2.4419038085937927e-07
0.0004029304029304903,5.0000000001659824e-11
0.001208791208791249,5.0000000001659824e-11
0.0020146520146520075,4.887807617187434e-08
0.002820512820512988,-4.8778076171878125e-08
0.0036263736263737467,-1.9526230468750327e-07
0.004432234432234505,1.465342285156197e-07
0.005238095238095264,1.465342285156197e-07
0.0060439560439560225,9.770615234374701e-08
0.006849816849817003,4.887807617187434e-08
0.007655677655677762,5.0000000001659824e-11
0.00846153846153852,4.887807617187434e-08
0.009267399267399279,1.9536230468749947e-07
0.01007326007326026,1.465342285156197e-07
0.010879120879121018,4.887807617187434e-08
0.011684981684981777,1.465342285156197e-07
0.012490842490842535,9.770615234374701e-08
0.013296703296703294,1.9536230468749947e-07
0.014102564102564275,3.906746093749973e-07
0.014908424908425033,1.465342285156197e-07
0.01571428571428579,1.465342285156197e-07
0.01652014652014655,2.9301845703124485e-07
0.01732600732600731,2.4419038085937927e-07
0.01813186813186829,3.418465332031246e-07
0.018937728937729048,2.4419038085937927e-07
0.019743589743589807,3.418465332031246e-07
0.020549450549450565,3.418465332031246e-07
0.021355311355311546,3.906746093749973e-07
0.022161172161172304,3.906746093749973e-07
0.022967032967033063,1.9536230468749947e-07
0.02377289377289382,2.9301845703124485e-07
0.02457875457875458,4.3950268554687707e-07
0.02538461538461556,3.906746093749973e-07
0.02619047619047632,3.418465332031246e-07
0.026996336996337078,4.3950268554687707e-07
0.027802197802197837,4.3950268554687707e-07
0.028608058608058595,4.883307617187497e-07
0.029413919413919576,4.883307617187497e-07
0.030219780219780334,5.859869140625022e-07
0.031025641025641093,4.883307617187497e-07
0.03183150183150185,3.906746093749973e-07
0.03263736263736283,4.3950268554687707e-07
0.03344322344322359,4.3950268554687707e-07
0.03424908424908435,5.371588378906224e-07
0.03505494505494511,5.371588378906224e-07
0.03586080586080587,5.859869140625022e-07
0.03666666666666685,5.371588378906224e-07
0.037472527472527606,4.883307617187497e-07
0.038278388278388364,7.812992187500001e-07
0.03908424908424912,5.371588378906224e-07
0.03989010989010988,5.371588378906224e-07
0.04069597069597086,6.836430664062475e-07
0.04150183150183162,7.812992187500001e-07
0.04230769230769238,6.348149902343678e-07
0.04311355311355314,6.836430664062475e-07
0.0439194139194139,5.859869140625022e-07
0.04472527472527488,8.301272949218728e-07
0.045531135531135636,6.836430664062475e-07
0.046336996336996394,5.859869140625022e-07
0.04714285714285715,8.301272949218728e-07
0.047948717948718134,8.789553710937454e-07
0.04875457875457889,8.789553710937454e-07
0.04956043956043965,9.277834472656252e-07
0.05036630036630041,6.836430664062475e-07
0.05117216117216117,7.324711425781274e-07
0.05197802197802215,7.812992187500001e-07
0.05278388278388291,9.766115234374979e-07
0.053589743589743666,1.2207519042968756e-06
0.054395604395604424,8.789553710937454e-07
0.05520146520146518,9.766115234374979e-07
0.056007326007326164,9.766115234374979e-07
0.05681318681318692,8.789553710937454e-07
0.05761904761904768,8.789553710937454e-07
0.05842490842490844,8.301272949218728e-07
0.05923076923076942,9.277834472656252e-07
0.06003663003663018,1.0254395996093705e-06
0.06084249084249094,1.0742676757812502e-06
0.061648351648351696,1.1719238281249956e-06
0.062454212454212454,1.0742676757812502e-06
0.06326007326007344,1.0254395996093705e-06
0.0640659340659342,1.123095751953123e-06
0.06487179487179495,1.123095751953123e-06
0.06567765567765571,1.0742676757812502e-06
0.06648351648351647,9.277834472656252e-07
0.06728937728937745,1.0742676757812502e-06
0.06809523809523821,1.2695799804687481e-06
0.06890109890109897,1.2207519042968756e-06
0.06970695970695973,1.123095751953123e-06
0.0705128205128207,1.0742676757812502e-06
0.07131868131868146,1.1719238281249956e-06
0.07212454212454222,1.2695799804687481e-06
0.07293040293040298,1.318408056640628e-06
0.07373626373626374,1.318408056640628e-06
0.07454212454212472,1.2207519042968756e-06
0.07534798534798548,1.318408056640628e-06
0.07615384615384624,1.3672361328124935e-06
0.076959706959707,1.4160642089843733e-06
0.07776556776556776,1.318408056640628e-06
0.07857142857142874,1.318408056640628e-06
0.0793772893772895,1.464892285156253e-06
0.08018315018315025,1.3672361328124935e-06
0.08098901098901101,1.3672361328124935e-06
0.08179487179487199,1.464892285156253e-06
0.08260073260073275,1.4160642089843733e-06
0.08340659340659351,1.660204589843751e-06
0.08421245421245427,1.5625484374999984e-06
0.08501831501831503,1.464892285156253e-06
0.08582417582417601,1.5137203613281258e-06
0.08663003663003677,1.4160642089843733e-06
0.08743589743589752,1.6113765136718712e-06
0.08824175824175828,1.806688818359376e-06
0.08904761904761904,1.5625484374999984e-06
0.08985347985348002,1.6113765136718712e-06
0.09065934065934078,1.123095751953123e-06
0.09146520146520154,1.7090326660156235e-06
0.0922710622710623,1.660204589843751e-06
0.09307692307692306,1.660204589843751e-06
0.09388278388278404,1.660204589843751e-06
0.0946886446886448,1.6113765136718712e-06
0.09549450549450555,1.7578607421874963e-06
0.09630036630036631,1.7090326660156235e-06
0.0971062271062273,1.806688818359376e-06
0.09791208791208805,1.5625484374999984e-06
0.09871794871794881,1.806688818359376e-06
0.09952380952380957,1.8555168945312486e-06
0.10032967032967033,1.806688818359376e-06
0.10113553113553131,1.7578607421874963e-06
0.10194139194139207,1.9043449707031214e-06
0.10274725274725283,1.8555168945312486e-06
0.10355311355311358,1.9043449707031214e-06
0.10435897435897434,1.953173046875001e-06
0.10516483516483532,1.806688818359376e-06
0.10597069597069608,1.8555168945312486e-06
0.10677655677655684,2.002001123046874e-06
0.1075824175824176,2.0508291992187463e-06
0.10838827838827858,1.9043449707031214e-06
0.10919413919413934,1.8555168945312486e-06
0.1100000000000001,2.0508291992187463e-06
0.11080586080586086,1.9043449707031214e-06
0.11161172161172161,2.099657275390619e-06
0.1124175824175826,1.953173046875001e-06
0.11322344322344335,2.0508291992187463e-06
0.11402930402930411,1.9043449707031214e-06
0.11483516483516487,2.148485351562499e-06
0.11564102564102563,2.099657275390619e-06
0.11644688644688661,2.1973134277343786e-06
0.11725274725274737,2.099657275390619e-06
0.11805860805860813,2.0508291992187463e-06
0.11886446886446889,2.148485351562499e-06
0.11967032967032987,2.2461415039062442e-06
0.12047619047619063,2.1973134277343786e-06
0.12128205128205138,2.099657275390619e-06
0.12208791208791214,2.099657275390619e-06
0.1228937728937729,2.2461415039062442e-06
0.12369963369963388,2.2461415039062442e-06
0.12450549450549464,2.294969580078124e-06
0.1253113553113554,1.4160642089843733e-06
0.12611721611721616,2.099657275390619e-06
0.12692307692307692,2.099657275390619e-06
0.1277289377289379,2.343797656249997e-06
0.12853479853479866,2.1973134277343786e-06
0.12934065934065941,2.343797656249997e-06
0.13014652014652017,2.1973134277343786e-06
0.13095238095238093,2.1973134277343786e-06
0.1317582417582419,2.3926257324218765e-06
0.13256410256410267,2.294969580078124e-06
0.13336996336996343,2.1973134277343786e-06
0.1341758241758242,2.2461415039062442e-06
0.13498168498168517,2.4414538085937493e-06
0.13578754578754593,2.4414538085937493e-06
0.13659340659340669,2.343797656249997e-06
0.13739926739926744,2.4414538085937493e-06
0.1382051282051282,2.343797656249997e-06
0.13901098901098918,2.5391099609375017e-06
0.13981684981684994,2.3926257324218765e-06
0.1406227106227107,2.5391099609375017e-06
0.14142857142857146,2.3926257324218765e-06
0.14223443223443222,2.5391099609375017e-06
0.1430402930402932,2.5391099609375017e-06
0.14384615384615396,2.3926257324218765e-06
0.14465201465201472,2.5391099609375017e-06
0.14545787545787547,2.4414538085937493e-06
0.14626373626373645,2.4414538085937493e-06
0.1470695970695972,2.5391099609375017e-06
0.14787545787545797,2.6367661132812472e-06
0.14868131868131873,2.490281884765622e-06
0.1494871794871795,2.5391099609375017e-06
0.15029304029304047,2.5391099609375017e-06
0.15109890109890123,2.490281884765622e-06
0.151904761904762,2.5391099609375017e-06
0.15271062271062275,2.490281884765622e-06
0.1535164835164835,2.6367661132812472e-06
0.15432234432234448,2.6367661132812472e-06
0.15512820512820524,2.6367661132812472e-06
0.155934065934066,2.5879380371093745e-06
0.15673992673992676,2.5879380371093745e-06
0.15754578754578774,2.6367661132812472e-06
0.1583516483516485,2.5879380371093745e-06
0.15915750915750926,2.7344222656249996e-06
0.15996336996337002,2.8809064941406247e-06
0.16076923076923078,2.7344222656249996e-06
0.16157509157509176,2.7832503417968724e-06
0.16238095238095251,2.8320784179687447e-06
0.16318681318681327,2.8320784179687447e-06
0.16399267399267403,2.5879380371093745e-06
0.1647985347985348,2.7344222656249996e-06
0.16560439560439577,2.9297345703125047e-06
0.16641025641025653,2.7832503417968724e-06
0.1672161172161173,2.8320784179687447e-06
0.16802197802197805,2.7832503417968724e-06
0.1688278388278388,2.8809064941406247e-06
0.16963369963369979,2.7832503417968724e-06
0.17043956043956054,2.8809064941406247e-06
0.1712454212454213,2.7344222656249996e-06
0.17205128205128206,2.8320784179687447e-06
0.17285714285714304,2.8320784179687447e-06
0.1736630036630038,2.8809064941406247e-06
0.17446886446886456,2.8809064941406247e-06
0.17527472527472532,2.9785626464843703e-06
0.17608058608058608,2.8809064941406247e-06
0.17688644688644706,2.8809064941406247e-06
0.17769230769230782,3.02739072265625e-06
0.17849816849816857,3.0762187988281226e-06
0.17930402930402933,2.8320784179687447e-06
0.1801098901098901,2.8320784179687447e-06
0.18091575091575107,2.8809064941406247e-06
0.18172161172161183,2.9785626464843703e-06
0.1825274725274726,3.02739072265625e-06
0.18333333333333335,3.02739072265625e-06
0.18413919413919433,2.8809064941406247e-06
0.1849450549450551,2.9785626464843703e-06
0.18575091575091585,2.9785626464843703e-06
0.1865567765567766,2.9297345703125047e-06
0.18736263736263736,3.02739072265625e-06
0.18816849816849834,3.02739072265625e-06
0.1889743589743591,2.9785626464843703e-06
0.18978021978021986,3.1250468749999954e-06
0.19058608058608062,3.02739072265625e-06
0.19139194139194138,2.9297345703125047e-06
0.19219780219780236,2.9785626464843703e-06
0.19300366300366312,3.02739072265625e-06
0.19380952380952388,3.0762187988281226e-06
0.19461538461538463,3.173874951171875e-06
0.19542124542124562,3.1250468749999954e-06
0.19622710622710637,3.0762187988281226e-06
0.19703296703296713,2.2461415039062442e-06
0.1978388278388279,3.2227030273437477e-06
0.19864468864468865,3.1250468749999954e-06
0.19945054945054963,3.02739072265625e-06
0.2002564102564104,2.9785626464843703e-06
0.19945054945054963,3.1250468749999954e-06
0.19864468864468865,3.173874951171875e-06
0.1978388278388279,3.02739072265625e-06
0.19703296703296713,2.9785626464843703e-06
0.19622710622710637,2.8320784179687447e-06
0.19542124542124562,2.7832503417968724e-06
0.19461538461538463,2.7344222656249996e-06
0.19380952380952388,2.6367661132812472e-06
0.19300366300366312,2.5391099609375017e-06
0.19219780219780236,2.5879380371093745e-06
0.19139194139194138,2.490281884765622e-06
0.19058608058608062,2.4414538085937493e-06
0.18978021978021986,2.2461415039062442e-06
0.1889743589743591,2.294969580078124e-06
0.18816849816849834,2.294969580078124e-06
0.18736263736263736,2.294969580078124e-06
0.1865567765567766,2.294969580078124e-06
0.18575091575091585,2.099657275390619e-06
0.1849450549450551,2.0508291992187463e-06
0.18413919413919433,2.099657275390619e-06
0.18333333333333335,2.148485351562499e-06
0.1825274725274726,2.1973134277343786e-06
0.18172161172161183,1.953173046875001e-06
0.18091575091575107,1.953173046875001e-06
0.1801098901098901,2.0508291992187463e-06
0.17930402930402933,2.002001123046874e-06
0.17849816849816857,1.8555168945312486e-06
0.17769230769230782,1.806688818359376e-06
0.17688644688644706,1.806688818359376e-06
0.17608058608058608,1.7578607421874963e-06
0.17527472527472532,1.660204589843751e-06
0.17446886446886456,1.7578607421874963e-06
0.1736630036630038,1.660204589843751e-06
0.17285714285714304,1.5625484374999984e-06
0.17205128205128206,1.7578607421874963e-06
0.1712454212454213,1.8555168945312486e-06
0.17043956043956054,1.5625484374999984e-06
0.16963369963369979,1.660204589843751e-06
0.1688278388278388,1.7578607421874963e-06
0.16802197802197805,1.5625484374999984e-06
0.1672161172161173,1.5137203613281258e-06
0.16641025641025653,1.7578607421874963e-06
0.16560439560439577,1.3672361328124935e-06
0.1647985347985348,1.3672361328124935e-06
0.16399267399267403,1.464892285156253e-06
0.16318681318681327,1.5137203613281258e-06
0.16238095238095251,1.318408056640628e-06
0.16157509157509176,1.3672361328124935e-06
0.16076923076923078,1.3672361328124935e-06
0.15996336996337002,1.4160642089843733e-06
0.15915750915750926,1.2695799804687481e-06
0.1583516483516485,1.2695799804687481e-06
0.15754578754578774,1.0742676757812502e-06
0.15673992673992676,1.2695799804687481e-06
0.155934065934066,1.2207519042968756e-06
0.15512820512820524,1.318408056640628e-06
0.15432234432234448,1.1719238281249956e-06
0.1535164835164835,1.1719238281249956e-06
0.15271062271062275,1.0742676757812502e-06
0.151904761904762,1.2207519042968756e-06
0.15109890109890123,1.0254395996093705e-06
0.15029304029304047,1.0254395996093705e-06
0.1494871794871795,1.1719238281249956e-06
0.14868131868131873,1.123095751953123e-06
0.14787545787545797,1.1719238281249956e-06
0.1470695970695972,1.0742676757812502e-06
0.14626373626373645,1.0742676757812502e-06
0.14545787545787547,1.0254395996093705e-06
0.14465201465201472,1.123095751953123e-06
0.14384615384615396,1.0254395996093705e-06
0.1430402930402932,8.301272949218728e-07
0.14223443223443222,9.766115234374979e-07
0.14142857142857146,1.0254395996093705e-06
0.1406227106227107,1.0254395996093705e-06
0.13981684981684994,9.277834472656252e-07
0.13901098901098918,9.277834472656252e-07
0.1382051282051282,8.789553710937454e-07
0.13739926739926744,7.812992187500001e-07
0.13659340659340669,1.0254395996093705e-06
0.13578754578754593,1.0254395996093705e-06
0.13498168498168517,8.301272949218728e-07
0.1341758241758242,1.4160642089843733e-06
0.13336996336996343,7.324711425781274e-07
0.13256410256410267,8.789553710937454e-07
0.1317582417582419,4.887807617187434e-08
0.13095238095238093,6.836430664062475e-07
0.13014652014652017,6.348149902343678e-07
0.12934065934065941,9.277834472656252e-07
0.12853479853479866,7.812992187500001e-07
0.1277289377289379,7.812992187500001e-07
0.12692307692307692,6.836430664062475e-07
0.12611721611721616,6.836430664062475e-07
0.1253113553113554,6.836430664062475e-07
0.12450549450549464,7.812992187500001e-07
0.12369963369963388,7.324711425781274e-07
0.1228937728937729,7.324711425781274e-07
0.12208791208791214,6.836430664062475e-07
0.12128205128205138,7.324711425781274e-07
0.12047619047619063,6.836430664062475e-07
0.11967032967032987,5.859869140625022e-07
0.11886446886446889,6.348149902343678e-07
0.11805860805860813,5.371588378906224e-07
0.11725274725274737,4.883307617187497e-07
0.11644688644688661,6.348149902343678e-07
0.11564102564102563,4.883307617187497e-07
0.11483516483516487,4.883307617187497e-07
0.11402930402930411,5.371588378906224e-07
0.11322344322344335,4.883307617187497e-07
0.1124175824175826,4.3950268554687707e-07
0.11161172161172161,5.371588378906224e-07
0.11080586080586086,5.371588378906224e-07
0.1100000000000001,4.3950268554687707e-07
0.10919413919413934,3.906746093749973e-07
0.10838827838827858,4.3950268554687707e-07
0.1075824175824176,4.883307617187497e-07
0.10677655677655684,2.9301845703124485e-07
0.10597069597069608,2.4419038085937927e-07
0.10516483516483532,5.371588378906224e-07
0.10435897435897434,4.3950268554687707e-07
0.10355311355311358,3.906746093749973e-07
0.10274725274725283,2.9301845703124485e-07
0.10194139194139207,4.3950268554687707e-07
0.10113553113553131,3.906746093749973e-07
0.10032967032967033,2.4419038085937927e-07
0.09952380952380957,4.883307617187497e-07
0.09871794871794881,1.465342285156197e-07
0.09791208791208805,1.9536230468749947e-07
0.0971062271062273,2.9301845703124485e-07
0.09630036630036631,2.9301845703124485e-07
0.09549450549450555,3.418465332031246e-07
0.0946886446886448,1.9536230468749947e-07
0.09388278388278404,2.4419038085937927e-07
0.09307692307692306,2.4419038085937927e-07
0.0922710622710623,1.9536230468749947e-07
0.09146520146520154,1.465342285156197e-07
0.09065934065934078,2.4419038085937927e-07
0.08985347985348002,2.4419038085937927e-07
0.08904761904761904,9.770615234374701e-08
0.08824175824175828,3.906746093749973e-07
0.08743589743589752,2.4419038085937927e-07
0.08663003663003677,4.887807617187434e-08
0.08582417582417601,2.9301845703124485e-07
0.08501831501831503,2.9301845703124485e-07
0.08421245421245427,9.770615234374701e-08
0.08340659340659351,1.465342285156197e-07
0.08260073260073275,9.770615234374701e-08
0.08179487179487199,4.887807617187434e-08
0.08098901098901101,5.0000000001659824e-11
0.08018315018315025,9.770615234374701e-08
0.0793772893772895,9.770615234374701e-08
0.07857142857142874,4.887807617187434e-08
0.07776556776556776,1.9536230468749947e-07
0.076959706959707,1.465342285156197e-07
0.07615384615384624,4.887807617187434e-08
0.07534798534798548,4.887807617187434e-08
0.07454212454212472,-4.8778076171878125e-08
0.07373626373626374,5.0000000001659824e-11
0.07293040293040298,-4.8778076171878125e-08
0.07212454212454222,5.0000000001659824e-11
0.07131868131868146,-1.9526230468750327e-07
0.0705128205128207,-4.8778076171878125e-08
0.06970695970695973,5.0000000001659824e-11
0.06890109890109897,-9.76061523437508e-08
0.06809523809523821,-9.76061523437508e-08
0.06728937728937745,-1.4643422851562348e-07
0.06648351648351647,-1.9526230468750327e-07
0.06567765567765571,5.0000000001659824e-11
0.06487179487179495,-1.4643422851562348e-07
0.0640659340659342,-1.4643422851562348e-07
0.06326007326007344,-9.76061523437508e-08
0.062454212454212454,1.465342285156197e-07
0.061648351648351696,5.0000000001659824e-11
0.06084249084249094,-4.8778076171878125e-08
0.06003663003663018,-1.9526230468750327e-07
0.05923076923076942,-2.929184570312486e-07
0.05842490842490844,-1.9526230468750327e-07
0.05761904761904768,5.0000000001659824e-11
0.05681318681318692,-2.929184570312486e-07
0.056007326007326164,-2.929184570312486e-07
0.05520146520146518,-2.440903808593759e-07
0.054395604395604424,-9.76061523437508e-08
0.053589743589743666,-2.929184570312486e-07
0.05278388278388291,-1.4643422851562348e-07
0.05197802197802215,-1.9526230468750327e-07
0.05117216117216117,-2.929184570312486e-07
0.05036630036630041,-2.440903808593759e-07
0.04956043956043965,-1.4643422851562348e-07
0.04875457875457889,-3.905746093750011e-07
0.047948717948718134,-3.417465332031284e-07
0.04714285714285715,-2.440903808593759e-07
0.046336996336996394,-3.905746093750011e-07
0.045531135531135636,-3.417465332031284e-07
0.04472527472527488,-3.417465332031284e-07
0.0439194139194139,-3.417465332031284e-07
0.04311355311355314,-3.417465332031284e-07
0.04230769230769238,-3.417465332031284e-07
0.04150183150183162,-2.929184570312486e-07
0.04069597069597086,-4.882307617187465e-07
0.03989010989010988,-4.882307617187465e-07
0.03908424908424912,-5.370588378906262e-07
0.038278388278388364,-2.929184570312486e-07
0.037472527472527606,-3.417465332031284e-07
0.03666666666666685,-5.370588378906262e-07
0.03586080586080587,-4.882307617187465e-07
0.03505494505494511,-4.3940268554688087e-07
0.03424908424908435,-4.3940268554688087e-07
0.03344322344322359,-5.370588378906262e-07
0.03263736263736283,-4.882307617187465e-07
0.03183150183150185,-5.85886914062506e-07
0.031025641025641093,-4.882307617187465e-07
0.030219780219780334,-3.417465332031284e-07
0.029413919413919576,-4.882307617187465e-07
0.028608058608058595,-5.370588378906262e-07
0.027802197802197837,5.0000000001659824e-11
0.026996336996337078,-6.347149902343716e-07
0.02619047619047632,-4.3940268554688087e-07
0.02538461538461556,-1.1718238281249994e-06
0.02457875457875458,-5.370588378906262e-07
0.02377289377289382,-7.811992187500038e-07
0.022967032967033063,-5.85886914062506e-07
0.022161172161172304,-5.370588378906262e-07
0.021355311355311546,-6.835430664062513e-07
0.020549450549450565,-7.811992187500038e-07
0.019743589743589807,-6.347149902343716e-07
0.018937728937729048,-5.370588378906262e-07
0.01813186813186829,-5.370588378906262e-07
0.01732600732600731,-6.347149902343716e-07
0.01652014652014655,-7.32371142578124e-07
0.01571428571428579,-7.32371142578124e-07
0.014908424908425033,-6.347149902343716e-07
0.014102564102564275,-6.835430664062513e-07
0.013296703296703294,-6.835430664062513e-07
0.012490842490842535,-7.32371142578124e-07
0.011684981684981777,-6.835430664062513e-07
0.010879120879121018,-5.85886914062506e-07
0.01007326007326026,-6.835430664062513e-07
0.009267399267399279,-8.300272949218765e-07
0.00846153846153852,-6.835430664062513e-07
0.007655677655677762,-7.32371142578124e-07
0.006849816849817003,-6.835430664062513e-07
0.0060439560439560225,-6.347149902343716e-07
0.005238095238095264,-6.835430664062513e-07
0.004432234432234505,-7.811992187500038e-07
0.0036263736263737467,-7.32371142578124e-07
0.002820512820512988,-6.347149902343716e-07
0.0020146520146520075,-8.300272949218765e-07
0.001208791208791249,-7.32371142578124e-07
0.0004029304029304903,-8.788553710937491e-07
-0.00040293040293026827,-7.811992187500038e-07
-0.0012087912087910269,-8.300272949218765e-07
-0.0020146520146520075,-9.27683447265629e-07
-0.002820512820512766,-7.32371142578124e-07
-0.0036263736263735247,-7.811992187500038e-07
-0.004432234432234283,-9.27683447265629e-07
-0.005238095238095042,-8.300272949218765e-07
-0.0060439560439560225,-8.300272949218765e-07
-0.006849816849816781,-9.27683447265629e-07
-0.00765567765567754,-9.27683447265629e-07
-0.008461538461538298,-8.300272949218765e-07
-0.009267399267399279,-1.7089326660156203e-06
-0.010073260073260037,-9.27683447265629e-07
-0.010879120879120796,-9.765115234375017e-07
-0.011684981684981555,-9.27683447265629e-07
-0.012490842490842313,-9.27683447265629e-07
-0.013296703296703294,-9.765115234375017e-07
-0.014102564102564052,-8.300272949218765e-07
-0.014908424908424811,-9.765115234375017e-07
-0.01571428571428557,-1.0253395996093743e-06
-0.016520146520146328,-9.27683447265629e-07
-0.01732600732600731,-8.788553710937491e-07
-0.018131868131868067,-1.074167675781254e-06
-0.018937728937728826,-9.765115234375017e-07
-0.019743589743589585,-1.0253395996093743e-06
-0.020549450549450565,-1.0253395996093743e-06
-0.021355311355311324,-9.765115234375017e-07
-0.022161172161172082,-1.1718238281249994e-06
-0.02296703296703284,-1.1229957519531268e-06
-0.0237728937728936,-9.765115234375017e-07
-0.02457875457875458,-1.0253395996093743e-06
-0.02538461538461534,-1.0253395996093743e-06
-0.026190476190476097,-1.1229957519531268e-06
-0.026996336996336856,-1.0253395996093743e-06
-0.027802197802197615,-1.0253395996093743e-06
-0.028608058608058595,-9.27683447265629e-07
-0.029413919413919354,-1.074167675781254e-06
-0.030219780219780112,-1.074167675781254e-06
-0.03102564102564087,-1.1718238281249994e-06
-0.03183150183150185,-9.765115234375017e-07
-0.03263736263736261,-1.074167675781254e-06
-0.03344322344322337,-1.074167675781254e-06
-0.03424908424908413,-1.074167675781254e-06
-0.035054945054944886,-1.1718238281249994e-06
-0.03586080586080587,-1.0253395996093743e-06
-0.036666666666666625,-9.765115234375017e-07
-0.037472527472527384,-1.269479980468752e-06
-0.03827838827838814,-1.2206519042968722e-06
-0.0390842490842489,-1.269479980468752e-06
-0.03989010989010988,-1.1229957519531268e-06
-0.04069597069597064,-1.2206519042968722e-06
-0.0415018315018314,-1.269479980468752e-06
-0.04230769230769216,-1.1718238281249994e-06
-0.043113553113552916,-1.2206519042968722e-06
-0.0439194139194139,-9.27683447265629e-07
-0.044725274725274655,-1.1229957519531268e-06
-0.045531135531135414,-1.1718238281249994e-06
-0.04633699633699617,-1.269479980468752e-06
-0.04714285714285715,-1.2206519042968722e-06
-0.04794871794871791,-1.1229957519531268e-06
-0.04875457875457867,-1.269479980468752e-06
-0.04956043956043943,-1.3183080566406317e-06
-0.05036630036630019,-1.2206519042968722e-06
-0.05117216117216117,-1.2206519042968722e-06
-0.05197802197802193,-1.3183080566406317e-06
-0.052783882783882685,-1.3183080566406317e-06
-0.053589743589743444,-1.269479980468752e-06
-0.0543956043956042,-1.3671361328124973e-06
-0.05520146520146518,-1.2206519042968722e-06
-0.05600732600732594,-1.1718238281249994e-06
-0.0568131868131867,-1.3183080566406317e-06
-0.05761904761904746,-1.3183080566406317e-06
-0.05842490842490844,-1.269479980468752e-06
-0.0592307692307692,-1.2206519042968722e-06
-0.06003663003662996,-1.3671361328124973e-06
-0.060842490842490715,-1.3671361328124973e-06
-0.061648351648351474,-1.3671361328124973e-06
-0.062454212454212454,-1.3671361328124973e-06
-0.06326007326007321,-1.4647922851562498e-06
-0.06406593406593397,-1.3671361328124973e-06
-0.06487179487179473,-1.3671361328124973e-06
-0.06567765567765549,-1.4647922851562498e-06
-0.06648351648351647,-1.3671361328124973e-06
-0.06728937728937723,-1.3183080566406317e-06
-0.06809523809523799,-1.269479980468752e-06
-0.06890109890109875,-1.5136203613281296e-06
-0.06970695970695973,-1.3671361328124973e-06
-0.07051282051282048,-1.3183080566406317e-06
-0.07131868131868124,-1.4647922851562498e-06
-0.072124542124542,-1.3183080566406317e-06
-0.07293040293040276,-1.4647922851562498e-06
-0.07373626373626374,-1.415964208984377e-06
-0.0745421245421245,-1.5624484375000022e-06
-0.07534798534798526,-1.3183080566406317e-06
-0.07615384615384602,-1.269479980468752e-06
-0.07695970695970678,-1.4647922851562498e-06
-0.07776556776556776,-1.4647922851562498e-06
-0.07857142857142851,-1.415964208984377e-06
-0.07937728937728927,-1.3671361328124973e-06
-0.08018315018315003,-1.5624484375000022e-06
-0.08098901098901101,-2.0507291992187575e-06
-0.08179487179487177,-1.3671361328124973e-06
-0.08260073260073253,-1.4647922851562498e-06
-0.08340659340659329,-1.415964208984377e-06
-0.08421245421245405,-1.415964208984377e-06
-0.08501831501831503,-1.5136203613281296e-06
-0.08582417582417579,-1.5624484375000022e-06
-0.08663003663003654,-1.3183080566406317e-06
-0.0874358974358973,-1.3671361328124973e-06
-0.08824175824175806,-1.5624484375000022e-06
-0.08904761904761904,-1.5136203613281296e-06
-0.0898534798534798,-1.4647922851562498e-06
-0.09065934065934056,-1.415964208984377e-06
-0.09146520146520132,-1.611276513671875e-06
-0.09227106227106208,-1.5136203613281296e-06
-0.09307692307692306,-1.5624484375000022e-06
-0.09388278388278382,-1.611276513671875e-06
-0.09468864468864457,-1.3183080566406317e-06
-0.09549450549450533,-1.4647922851562498e-06
-0.09630036630036631,-1.7089326660156203e-06
-0.09710622710622707,-1.6601045898437547e-06
-0.09791208791208783,-1.5624484375000022e-06
-0.09871794871794859,-1.5624484375000022e-06
-0.09952380952380935,-1.7577607421875e-06
-0.10032967032967033,-1.7089326660156203e-06
-0.10113553113553109,-1.8065888183593799e-06
-0.10194139194139185,-1.6601045898437547e-06
-0.1027472527472526,-1.611276513671875e-06
-0.10355311355311336,-1.5624484375000022e-06
-0.10435897435897434,-1.6601045898437547e-06
-0.1051648351648351,-1.6601045898437547e-06
-0.10597069597069586,-1.7577607421875e-06
-0.10677655677655662,-1.5136203613281296e-06
-0.1075824175824176,-1.611276513671875e-06
-0.10838827838827836,-1.611276513671875e-06
-0.10919413919413912,-1.6601045898437547e-06
-0.10999999999999988,-1.6601045898437547e-06
-0.11080586080586063,-1.611276513671875e-06
-0.11161172161172161,-1.611276513671875e-06
-0.11241758241758237,-1.8065888183593799e-06
-0.11322344322344313,-1.7089326660156203e-06
-0.11402930402930389,-1.5624484375000022e-06
-0.11483516483516465,-1.611276513671875e-06
-0.11564102564102563,-1.5136203613281296e-06
-0.11644688644688639,-1.611276513671875e-06
-0.11725274725274715,-1.7577607421875e-06
-0.1180586080586079,-1.7089326660156203e-06
-0.11886446886446889,-1.6601045898437547e-06
-0.11967032967032964,-1.611276513671875e-06
-0.1204761904761904,-1.7089326660156203e-06
-0.12128205128205116,-1.7089326660156203e-06
-0.12208791208791192,-1.7089326660156203e-06
-0.1228937728937729,-1.7089326660156203e-06
-0.12369963369963366,-1.7089326660156203e-06
-0.12450549450549442,-1.9042449707031252e-06
-0.12531135531135518,-1.8065888183593799e-06
-0.12611721611721594,-1.7577607421875e-06
-0.12692307692307692,-1.8065888183593799e-06
-0.12772893772893767,-1.8554168945312524e-06
-0.12853479853479843,-1.7577607421875e-06
-0.1293406593406592,-1.7577607421875e-06
-0.13014652014651995,-1.611276513671875e-06
-0.13095238095238093,-1.6601045898437547e-06
-0.1317582417582417,-1.7577607421875e-06
-0.13256410256410245,-1.8554168945312524e-06
-0.1333699633699632,-1.9042449707031252e-06
-0.1341758241758242,-1.6601045898437547e-06
-0.13498168498168495,-1.7577607421875e-06
-0.1357875457875457,-2.0507291992187575e-06
-0.13659340659340646,-1.7577607421875e-06
-0.13739926739926722,-1.7577607421875e-06
-0.1382051282051282,-1.7089326660156203e-06
-0.13901098901098896,-1.8065888183593799e-06
-0.13981684981684972,-1.9042449707031252e-06
-0.14062271062271048,-1.953073046874998e-06
-0.14142857142857124,-1.9042449707031252e-06
-0.14223443223443222,-1.8554168945312524e-06
-0.14304029304029298,-1.8554168945312524e-06
-0.14384615384615373,-1.953073046874998e-06
-0.1446520146520145,-1.8065888183593799e-06
-0.14545787545787547,-1.8554168945312524e-06
-0.14626373626373623,-1.7089326660156203e-06
-0.147069597069597,-1.7577607421875e-06
-0.14787545787545775,-1.953073046874998e-06
-0.1486813186813185,-2.0019011230468776e-06
-0.1494871794871795,-1.8065888183593799e-06
-0.15029304029304025,-1.415964208984377e-06
-0.151098901098901,-1.9042449707031252e-06
-0.15190476190476176,-1.8554168945312524e-06
-0.15271062271062252,-2.294869580078128e-06
-0.1535164835164835,-1.7089326660156203e-06
-0.15432234432234426,-1.9042449707031252e-06
-0.15512820512820502,-2.0019011230468776e-06
-0.15593406593406578,-1.9042449707031252e-06
-0.15673992673992676,-2.0019011230468776e-06
-0.15754578754578752,-1.8554168945312524e-06
-0.15835164835164828,-2.0019011230468776e-06
-0.15915750915750904,-1.953073046874998e-06
-0.1599633699633698,-1.953073046874998e-06
-0.16076923076923078,-1.8554168945312524e-06
-0.16157509157509153,-2.0507291992187575e-06
-0.1623809523809523,-1.8554168945312524e-06
-0.16318681318681305,-1.9042449707031252e-06
-0.1639926739926738,-2.0019011230468776e-06
-0.1647985347985348,-2.099557275390623e-06
-0.16560439560439555,-1.953073046874998e-06
-0.1664102564102563,-2.0019011230468776e-06
-0.16721611721611707,-2.0507291992187575e-06
-0.16802197802197782,-2.1483853515625027e-06
-0.1688278388278388,-2.0019011230468776e-06
-0.16963369963369956,-1.8554168945312524e-06
-0.17043956043956032,-2.0019011230468776e-06
-0.17124542124542108,-2.0019011230468776e-06
-0.17205128205128206,-2.1483853515625027e-06
-0.17285714285714282,-2.099557275390623e-06
-0.17366300366300358,-2.0507291992187575e-06
-0.17446886446886434,-2.1972134277343755e-06
-0.1752747252747251,-2.099557275390623e-06
-0.17608058608058608,-2.099557275390623e-06
-0.17688644688644684,-2.1483853515625027e-06
-0.1776923076923076,-1.9042449707031252e-06
-0.17849816849816835,-2.0019011230468776e-06
-0.1793040293040291,-2.0507291992187575e-06
-0.1801098901098901,-2.0507291992187575e-06
-0.18091575091575085,-2.0507291992187575e-06
-0.1817216117216116,-2.0019011230468776e-06
-0.18252747252747237,-2.099557275390623e-06
-0.18333333333333335,-2.1972134277343755e-06
-0.1841391941391941,-2.1972134277343755e-06
-0.18494505494505487,-1.8554168945312524e-06
-0.18575091575091562,-2.0019011230468776e-06
-0.18655677655677638,-2.1972134277343755e-06
-0.18736263736263736,-1.8554168945312524e-06
-0.18816849816849812,-2.0019011230468776e-06
-0.18897435897435888,-2.099557275390623e-06
-0.18978021978021964,-2.0507291992187575e-06
-0.1905860805860804,-2.0507291992187575e-06
-0.19139194139194138,-2.2460415039062482e-06
-0.19219780219780214,-2.0507291992187575e-06
-0.1930036630036629,-2.1483853515625027e-06
-0.19380952380952365,-2.099557275390623e-06
-0.19461538461538463,-2.294869580078128e-06
-0.1954212454212454,-2.099557275390623e-06
-0.19622710622710615,-2.1972134277343755e-06
-0.1970329670329669,-1.953073046874998e-06
-0.19783882783882767,-2.099557275390623e-06
-0.19864468864468865,-2.1972134277343755e-06
-0.1994505494505494,-2.1972134277343755e-06
-0.20025641025641017,-2.099557275390623e-06
-0.1994505494505494,-2.1972134277343755e-06
-0.19864468864468865,-2.1483853515625027e-06
-0.19783882783882767,-2.0019011230468776e-06
-0.1970329670329669,-2.0019011230468776e-06
-0.19622710622710615,-1.9042449707031252e-06
-0.1954212454212454,-1.7577607421875e-06
-0.19461538461538463,-1.8554168945312524e-06
-0.19380952380952365,-1.8065888183593799e-06
-0.1930036630036629,-1.7577607421875e-06
-0.19219780219780214,-1.6601045898437547e-06
-0.19139194139194138,-1.6601045898437547e-06
-0.1905860805860804,-1.4647922851562498e-06
-0.18978021978021964,-1.6601045898437547e-06
-0.18897435897435888,-1.611276513671875e-06
-0.18816849816849812,-1.415964208984377e-06
-0.18736263736263736,-1.5136203613281296e-06
-0.18655677655677638,-1.5624484375000022e-06
-0.18575091575091562,-1.415964208984377e-06
-0.18494505494505487,-1.5624484375000022e-06
-0.1841391941391941,-1.3671361328124973e-06
-0.18333333333333335,-1.3671361328124973e-06
-0.18252747252747237,-1.269479980468752e-06
-0.1817216117216116,-1.3671361328124973e-06
-0.18091575091575085,-1.2206519042968722e-06
-0.1801098901098901,-1.3183080566406317e-06
-0.1793040293040291,-1.269479980468752e-06
-0.17849816849816835,-1.1229957519531268e-06
-0.1776923076923076,-1.3183080566406317e-06
-0.17688644688644684,-1.3183080566406317e-06
-0.17608058608058608,-1.7577607421875e-06
-0.1752747252747251,-1.1229957519531268e-06
-0.17446886446886434,-1.1229957519531268e-06
-0.17366300366300358,-1.0253395996093743e-06
-0.17285714285714282,-1.1718238281249994e-06
-0.17205128205128206,-9.27683447265629e-07
-0.17124542124542108,-1.074167675781254e-06
-0.17043956043956032,-1.074167675781254e-06
-0.16963369963369956,-9.765115234375017e-07
-0.1688278388278388,-1.0253395996093743e-06
-0.16802197802197782,-9.27683447265629e-07
-0.16721611721611707,-1.074167675781254e-06
-0.1664102564102563,-8.300272949218765e-07
-0.16560439560439555,-9.27683447265629e-07
-0.1647985347985348,-8.788553710937491e-07
-0.1639926739926738,-8.300272949218765e-07
-0.16318681318681305,-9.27683447265629e-07
-0.1623809523809523,-8.300272949218765e-07
-0.16157509157509153,-9.765115234375017e-07
-0.16076923076923078,-9.27683447265629e-07
-0.1599633699633698,-7.811992187500038e-07
-0.15915750915750904,-8.300272949218765e-07
-0.15835164835164828,-8.300272949218765e-07
-0.15754578754578752,-8.300272949218765e-07
-0.15673992673992676,-7.32371142578124e-07
-0.15593406593406578,-6.835430664062513e-07
-0.15512820512820502,-8.300272949218765e-07
-0.15432234432234426,-7.811992187500038e-07
-0.1535164835164835,-7.32371142578124e-07
-0.15271062271062252,-7.811992187500038e-07
-0.15190476190476176,-6.835430664062513e-07
-0.151098901098901,-5.85886914062506e-07
-0.15029304029304025,-6.835430664062513e-07
-0.1494871794871795,-6.835430664062513e-07
-0.1486813186813185,-6.347149902343716e-07
-0.14787545787545775,-6.347149902343716e-07
-0.147069597069597,-5.370588378906262e-07
-0.14626373626373623,-6.347149902343716e-07
-0.14545787545787547,-6.835430664062513e-07
-0.1446520146520145,-5.85886914062506e-07
-0.14384615384615373,-4.882307617187465e-07
-0.14304029304029298,-5.370588378906262e-07
-0.14223443223443222,-5.370588378906262e-07
-0.14142857142857124,-4.882307617187465e-07
-0.14062271062271048,-4.882307617187465e-07
-0.13981684981684972,-4.882307617187465e-07
-0.13901098901098896,-5.85886914062506e-07
-0.1382051282051282,-4.882307617187465e-07
-0.13739926739926722,-5.370588378906262e-07
-0.13659340659340646,-4.3940268554688087e-07
-0.1357875457875457,-5.370588378906262e-07
-0.13498168498168495,-6.347149902343716e-07
-0.1341758241758242,-4.882307617187465e-07
-0.1333699633699632,-5.370588378906262e-07
-0.13256410256410245,-3.905746093750011e-07
-0.1317582417582417,-3.905746093750011e-07
-0.13095238095238093,-4.3940268554688087e-07
-0.13014652014651995,-4.3940268554688087e-07
-0.1293406593406592,-2.929184570312486e-07
-0.12853479853479843,-4.3940268554688087e-07
-0.12772893772893767,-3.905746093750011e-07
-0.12692307692307692,-5.370588378906262e-07
-0.12611721611721594,-4.882307617187465e-07
-0.12531135531135518,-3.417465332031284e-07
-0.12450549450549442,-3.417465332031284e-07
-0.12369963369963366,-4.3940268554688087e-07
-0.1228937728937729,-5.370588378906262e-07
-0.12208791208791192,-3.905746093750011e-07
-0.12128205128205116,-2.929184570312486e-07
-0.1204761904761904,-2.929184570312486e-07
-0.11967032967032964,-3.417465332031284e-07
-0.11886446886446889,-2.929184570312486e-07
-0.1180586080586079,-3.905746093750011e-07
-0.11725274725274715,-3.417465332031284e-07
-0.11644688644688639,-1.9526230468750327e-07
-0.11564102564102563,-2.929184570312486e-07
-0.11483516483516465,-2.929184570312486e-07
-0.11402930402930389,-3.417465332031284e-07
-0.11322344322344313,-1.9526230468750327e-07
-0.11241758241758237,-3.417465332031284e-07
-0.11161172161172161,-2.929184570312486e-07
-0.11080586080586063,-1.9526230468750327e-07
-0.10999999999999988,-1.9526230468750327e-07
-0.10919413919413912,-1.4643422851562348e-07
-0.10838827838827836,-3.905746093750011e-07
-0.1075824175824176,-2.440903808593759e-07
-0.10677655677655662,5.0000000001659824e-11
-0.10597069597069586,-1.4643422851562348e-07
-0.1051648351648351,-1.4643422851562348e-07
-0.10435897435897434,-4.882307617187465e-07
-0.10355311355311336,-3.417465332031284e-07
-0.1027472527472526,-1.9526230468750327e-07
-0.10194139194139185,-1.4643422851562348e-07
-0.10113553113553109,-1.9526230468750327e-07
-0.10032967032967033,-9.76061523437508e-08
-0.09952380952380935,5.0000000001659824e-11
-0.09871794871794859,-9.76061523437508e-08
-0.09791208791208783,-2.440903808593759e-07
-0.09710622710622707,-4.8778076171878125e-08
-0.09630036630036631,-2.929184570312486e-07
-0.09549450549450533,-2.929184570312486e-07
-0.09468864468864457,-9.76061523437508e-08
-0.09388278388278382,-9.76061523437508e-08
-0.09307692307692306,-1.4643422851562348e-07
-0.09227106227106208,-1.9526230468750327e-07
-0.09146520146520132,-1.4643422851562348e-07
-0.09065934065934056,-1.4643422851562348e-07
-0.0898534798534798,-1.9526230468750327e-07
-0.08904761904761904,4.887807617187434e-08
-0.08824175824175806,-4.8778076171878125e-08
-0.0874358974358973,-9.76061523437508e-08
-0.08663003663003654,-4.8778076171878125e-08
-0.08582417582417579,-4.8778076171878125e-08
-0.08501831501831503,-1.4643422851562348e-07
-0.08421245421245405,-4.8778076171878125e-08
-0.08340659340659329,-1.4643422851562348e-07
-0.08260073260073253,-4.8778076171878125e-08
-0.08179487179487177,4.887807617187434e-08
-0.08098901098901101,4.887807617187434e-08
-0.08018315018315003,-9.76061523437508e-08
-0.07937728937728927,-9.76061523437508e-08
-0.07857142857142851,5.0000000001659824e-11
-0.07776556776556776,9.770615234374701e-08
-0.07695970695970678,-9.76061523437508e-08
-0.07615384615384602,4.887807617187434e-08
-0.07534798534798526,5.0000000001659824e-11
-0.0745421245421245,5.0000000001659824e-11
-0.07373626373626374,9.770615234374701e-08
-0.07293040293040276,9.770615234374701e-08
-0.072124542124542,5.0000000001659824e-11
-0.07131868131868124,4.887807617187434e-08
-0.07051282051282048,5.0000000001659824e-11
-0.06970695970695973,-5.370588378906262e-07
-0.06890109890109875,2.4419038085937927e-07
-0.06809523809523799,4.887807617187434e-08
-0.06728937728937723,4.887807617187434e-08
-0.06648351648351647,4.887807617187434e-08
-0.06567765567765549,1.9536230468749947e-07
-0.06487179487179473,5.0000000001659824e-11
-0.06406593406593397,-4.8778076171878125e-08
-0.06326007326007321,1.9536230468749947e-07
-0.062454212454212454,9.770615234374701e-08
-0.061648351648351474,2.4419038085937927e-07
-0.060842490842490715,1.465342285156197e-07
-0.06003663003662996,4.887807617187434e-08
-0.0592307692307692,4.887807617187434e-08
-0.05842490842490844,2.4419038085937927e-07
-0.05761904761904746,1.465342285156197e-07
-0.0568131868131867,1.9536230468749947e-07
-0.05600732600732594,1.9536230468749947e-07
-0.05520146520146518,3.418465332031246e-07
-0.0543956043956042,3.418465332031246e-07
-0.053589743589743444,2.4419038085937927e-07
-0.052783882783882685,1.465342285156197e-07
-0.05197802197802193,1.9536230468749947e-07
-0.05117216117216117,1.9536230468749947e-07
-0.05036630036630019,3.906746093749973e-07
-0.04956043956043943,2.4419038085937927e-07
-0.04875457875457867,3.906746093749973e-07
-0.04794871794871791,2.4419038085937927e-07
-0.04714285714285715,4.3950268554687707e-07
-0.04633699633699617,3.418465332031246e-07
-0.045531135531135414,3.906746093749973e-07
-0.044725274725274655,2.9301845703124485e-07
-0.0439194139194139,1.9536230468749947e-07
-0.043113553113552916,2.9301845703124485e-07
-0.04230769230769216,3.906746093749973e-07
-0.0415018315018314,2.9301845703124485e-07
-0.04069597069597064,3.418465332031246e-07
-0.03989010989010988,4.883307617187497e-07
-0.0390842490842489,4.3950268554687707e-07
-0.03827838827838814,4.3950268554687707e-07
-0.037472527472527384,3.906746093749973e-07
-0.036666666666666625,3.418465332031246e-07
-0.03586080586080587,3.418465332031246e-07
-0.035054945054944886,5.859869140625022e-07
-0.03424908424908413,4.3950268554687707e-07
-0.03344322344322337,4.3950268554687707e-07
-0.03263736263736261,-9.76061523437508e-08
-0.03183150183150185,4.3950268554687707e-07
-0.03102564102564087,5.859869140625022e-07
-0.030219780219780112,4.3950268554687707e-07
-0.029413919413919354,4.883307617187497e-07
-0.028608058608058595,4.3950268554687707e-07
-0.027802197802197615,5.859869140625022e-07
-0.026996336996336856,4.883307617187497e-07
-0.026190476190476097,5.371588378906224e-07
-0.02538461538461534,4.3950268554687707e-07
-0.02457875457875458,4.883307617187497e-07
-0.0237728937728936,4.3950268554687707e-07
-0.02296703296703284,5.859869140625022e-07
-0.022161172161172082,5.859869140625022e-07
-0.021355311355311324,5.859869140625022e-07
-0.020549450549450565,5.859869140625022e-07
-0.019743589743589585,5.859869140625022e-07
-0.018937728937728826,7.812992187500001e-07
-0.018131868131868067,5.859869140625022e-07
-0.01732600732600731,4.3950268554687707e-07
-0.016520146520146328,5.371588378906224e-07
-0.01571428571428557,5.859869140625022e-07
-0.014908424908424811,6.348149902343678e-07
-0.014102564102564052,5.859869140625022e-07
-0.013296703296703294,5.371588378906224e-07
-0.012490842490842313,6.348149902343678e-07
-0.011684981684981555,6.348149902343678e-07
-0.010879120879120796,7.324711425781274e-07
-0.010073260073260037,6.836430664062475e-07
-0.009267399267399279,5.371588378906224e-07
-0.008461538461538298,7.324711425781274e-07
-0.00765567765567754,7.812992187500001e-07
