# Params: min_volt -0.1 max_volt 0.2 start_volt 0.0 scan_rate 0.05 direction down num_cycles 2
Stimulation voltage (V),Measured current(A)
-0.0036263736263735247,-1.0107361767578125e-05
-0.002820512820512766,-2.3436976562500006e-06
-0.0020146520146520075,-7.031192968750005e-06
-0.0012087912087910269,-1.1962828662109373e-05
-0.00040293040293026827,-1.2499937500000001e-05
0.0004029304029304903,-2.734322265625003e-06
0.001208791208791249,-7.32371142578124e-07
0.0020146520146520075,1.660204589843751e-06
0.002820512820512988,-9.76061523437508e-08
0.0036263736263737467,-4.687445312500003e-06
0.004432234432234505,-3.027290722656254e-06
0.005238095238095264,-2.929184570312486e-07
0.0060439560439560225,1.953173046875001e-06
0.006849816849817003,9.770615234374701e-08
0.007655677655677762,-5.810491064453124e-06
0.00846153846153852,-2.978462646484374e-06
0.009267399267399279,1.6113765136718712e-06
0.01007326007326026,2.2461415039062442e-06
0.010879120879121018,-1.7089326660156203e-06
0.011684981684981777,-1.2206519042968722e-06
0.012490842490842535,-2.929634570312501e-06
0.013296703296703294,2.4419038085937927e-07
0.014102564102564275,1.123095751953123e-06
0.014908424908425033,-1.269479980468752e-06
0.01571428571428579,-4.296820703125e-06
0.01652014652014655,-2.0507291992187575e-06
0.01732600732600731,2.343797656249997e-06
0.01813186813186829,7.324711425781274e-07
0.018937728937729048,-1.7089326660156203e-06
0.019743589743589807,-3.906196093749997e-06
0.020549450549450565,-1.1718238281249994e-06
0.021355311355311546,2.7832503417968724e-06
0.022161172161172304,5.859869140625022e-07
0.022967032967033063,-3.2226030273437513e-06
0.02377289377289382,-3.320259179687497e-06
0.02457875457875458,-8.300272949218765e-07
0.02538461538461556,-5.85886914062506e-07
0.02619047619047632,1.123095751953123e-06
0.026996336996337078,-1.611276513671875e-06
0.027802197802197837,-3.6620557128906267e-06
0.028608058608058595,1.9043449707031214e-06
0.029413919413919576,3.1250468749999954e-06
0.030219780219780334,1.0254395996093705e-06
0.031025641025641093,-4.003852246093757e-06
0.03183150183150185,-2.0019011230468776e-06
0.03263736263736283,1.9536230468749947e-07
0.03344322344322359,2.9785626464843703e-06
0.03424908424908435,4.883307617187497e-07
0.03505494505494511,-2.978462646484374e-06
0.03586080586080587,-2.3436976562500006e-06
0.03666666666666685,2.002001123046874e-06
0.037472527472527606,2.490281884765622e-06
0.038278388278388364,-9.76061523437508e-08
0.03908424908424912,-1.3183080566406317e-06
0.03989010989010988,-2.3436976562500006e-06
0.04069597069597086,7.324711425781274e-07
0.04150183150183162,3.320359179687493e-06
0.04230769230769238,-3.3690872558593764e-06
0.04311355311355314,-3.808539941406252e-06
0.0439194139194139,-1.269479980468752e-06
0.04472527472527488,4.248092626953124e-06
0.045531135531135636,9.277834472656252e-07
0.046336996336996394,-1.0253395996093743e-06
0.04714285714285715,-3.6132276367187543e-06
0.047948717948718134,-7.811992187500038e-07
0.04875457875457889,1.0254395996093705e-06
0.04956043956043965,1.806688818359376e-06
0.05036630036630041,-2.0507291992187575e-06
0.05117216117216117,-2.734322265625003e-06
0.05197802197802215,-1.074167675781254e-06
0.05278388278388291,3.2715311035156273e-06
0.053589743589743666,2.099657275390619e-06
0.054395604395604424,-1.5624484375000022e-06
0.05520146520146518,-4.296820703125e-06
0.056007326007326164,3.8086399414062482e-06
0.05681318681318692,3.8086399414062482e-06
0.05761904761904768,1.123095751953123e-06
0.05842490842490844,-4.394476855468745e-06
0.05923076923076942,-1.0253395996093743e-06
0.06003663003663018,1.2695799804687481e-06
0.06084249084249094,3.9062960937500006e-06
0.061648351648351696,8.301272949218728e-07
0.062454212454212454,-1.415964208984377e-06
0.06326007326007344,-1.415964208984377e-06
0.0640659340659342,2.3926257324218765e-06
0.06487179487179495,3.02739072265625e-06
0.06567765567765571,9.766115234374979e-07
0.06648351648351647,-2.0507291992187575e-06
0.06728937728937745,-1.8065888183593799e-06
0.06809523809523821,1.7578607421874963e-06
0.06890109890109897,4.345748779296876e-06
0.06970695970695973,-3.5643995605468743e-06
0.0705128205128207,-3.4179153320312492e-06
0.07131868131868146,-9.765115234375017e-07
0.07212454212454222,5.029341845703122e-06
0.07293040293040298,1.464892285156253e-06
0.07373626373626374,-8.300272949218765e-07
0.07454212454212472,-3.124946875000006e-06
0.07534798534798548,5.0000000001659824e-11
0.07615384615384624,2.294969580078124e-06
0.076959706959707,2.002001123046874e-06
0.07776556776556776,-1.7089326660156203e-06
0.07857142857142874,-2.2460415039062482e-06
0.0793772893772895,4.3950268554687707e-07
0.08018315018315025,2.5391099609375017e-06
0.08098901098901101,2.099657275390619e-06
0.08179487179487199,-9.27683447265629e-07
0.08260073260073275,-3.808539941406252e-06
0.08340659340659351,4.394576855468749e-06
0.08421245421245427,4.296920703124996e-06
0.08501831501831503,1.5625484374999984e-06
0.08582417582417601,-3.955024169921877e-06
0.08663003663003677,-1.1229957519531268e-06
0.08743589743589752,1.8555168945312486e-06
0.08824175824175828,4.345748779296876e-06
0.08904761904761904,8.789553710937454e-07
0.08985347985348002,-1.1718238281249994e-06
0.09065934065934078,-7.32371142578124e-07
0.09146520146520154,2.8809064941406247e-06
0.0922710622710623,3.2227030273437477e-06
0.09307692307692306,1.123095751953123e-06
0.09388278388278404,-1.7089326660156203e-06
0.0946886446886448,-1.3183080566406317e-06
0.09549450549450555,2.099657275390619e-06
0.09630036630036631,4.492233007812501e-06
0.0971062271062273,-3.076118798828126e-06
0.09791208791208805,-2.783150341796876e-06
0.09871794871794881,-1.0253395996093743e-06
0.09952380952380957,5.371138378906252e-06
0.10032967032967033,1.9043449707031214e-06
0.10113553113553131,-5.370588378906262e-07
0.10194139194139207,-2.587838037109378e-06
0.10274725274725283,9.770615234374701e-08
0.10355311355311358,1.806688818359376e-06
0.10435897435897434,1.9043449707031214e-06
0.10516483516483532,-1.269479980468752e-06
0.10597069597069608,-2.1483853515625027e-06
0.10677655677655684,-5.85886914062506e-07
0.1075824175824176,3.8086399414062482e-06
0.10838827838827858,2.7344222656249996e-06
0.10919413919413934,-1.1229957519531268e-06
0.1100000000000001,-3.955024169921877e-06
0.11080586080586086,4.687545312499999e-06
0.11161172161172161,4.1504364746093784e-06
0.1124175824175826,2.2461415039062442e-06
0.11322344322344335,-3.5643995605468743e-06
0.11402930402930411,-1.9526230468750327e-07
0.11483516483516487,9.766115234374979e-07
0.11564102564102563,4.199264550781244e-06
0.11644688644688661,1.2207519042968756e-06
0.11725274725274737,1.9536230468749947e-07
0.11805860805860813,-1.269479980468752e-06
0.11886446886446889,2.002001123046874e-06
0.11967032967032987,3.369187255859373e-06
0.12047619047619063,2.099657275390619e-06
0.12128205128205138,-5.0780699218750055e-06
0.12208791208791214,-1.3183080566406317e-06
0.1228937728937729,3.2227030273437477e-06
0.12369963369963388,4.931685693359369e-06
0.12450549450549464,-2.587838037109378e-06
0.1253113553113554,-2.1972134277343755e-06
0.12611721611721616,-1.269479980468752e-06
0.12692307692307692,3.662155712890623e-06
0.1277289377289379,7.324711425781274e-07
0.12853479853479866,1.7090326660156235e-06
0.12934065934065941,-2.8808064941406283e-06
0.13014652014652017,4.887807617187434e-08
0.13095238095238093,1.464892285156253e-06
0.1317582417582419,2.148485351562499e-06
0.13256410256410267,-1.9526230468750327e-07
0.13336996336996343,-2.1972134277343755e-06
0.1341758241758242,-1.1229957519531268e-06
0.13498168498168517,6.494184130859374e-06
0.13578754578754593,2.294969580078124e-06
0.13659340659340669,-2.1972134277343755e-06
0.13739926739926744,-3.3690872558593764e-06
0.1382051282051282,2.294969580078124e-06
0.13901098901098918,2.0508291992187463e-06
0.13981684981684994,3.02739072265625e-06
0.1406227106227107,-1.611276513671875e-06
0.14142857142857146,-1.074167675781254e-06
0.14223443223443222,-9.76061523437508e-08
0.1430402930402932,4.736373388671872e-06
0.14384615384615396,1.2695799804687481e-06
0.14465201465201472,-1.269479980468752e-06
0.14545787545787547,-1.5136203613281296e-06
0.14626373626373645,1.7090326660156235e-06
0.1470695970695972,3.710983789062496e-06
0.14787545787545797,1.6113765136718712e-06
0.14868131868131873,-4.589789160156251e-06
0.1494871794871795,-8.788553710937491e-07
0.15029304029304047,3.369187255859373e-06
0.15109890109890123,4.296920703124996e-06
0.151904761904762,-2.929184570312486e-07
0.15271062271062275,4.883307617187497e-07
0.1535164835164835,-1.8065888183593799e-06
0.15432234432234448,1.7578607421874963e-06
0.15512820512820524,2.6367661132812472e-06
0.155934065934066,-4.8778076171878125e-08
0.15673992673992676,-3.2226030273437513e-06
0.15754578754578774,-4.882307617187465e-07
0.1583516483516485,3.6133276367187503e-06
0.15915750915750926,2.7832503417968724e-06
0.15996336996337002,-1.4643422851562348e-07
0.16076923076923078,-2.783150341796876e-06
0.16157509157509176,-5.370588378906262e-07
0.16238095238095251,4.443404931640621e-06
0.16318681318681327,2.148485351562499e-06
0.16399267399267403,-1.7089326660156203e-06
0.1647985347985348,-3.5155714843750016e-06
0.16560439560439577,1.0254395996093705e-06
0.16641025641025653,8.301272949218728e-07
0.1672161172161173,2.9297345703125047e-06
0.16802197802197805,-4.3940268554688087e-07
0.1688278388278388,-2.1483853515625027e-06
0.16963369963369979,3.2227030273437477e-06
0.17043956043956054,4.736373388671872e-06
0.1712454212454213,1.6113765136718712e-06
0.17205128205128206,-2.8808064941406283e-06
0.17285714285714304,-1.1229957519531268e-06
0.1736630036630038,1.7578607421874963e-06
0.17446886446886456,4.1016083984374985e-06
0.17527472527472532,1.318408056640628e-06
0.17608058608058608,-1.9042449707031252e-06
0.17688644688644706,-9.765115234375017e-07
0.17769230769230782,3.1250468749999954e-06
0.17849816849816857,3.4180153320312524e-06
0.17930402930402933,1.953173046875001e-06
0.1801098901098901,-7.811992187500038e-07
0.18091575091575107,-1.269479980468752e-06
0.18172161172161183,1.806688818359376e-06
0.1825274725274726,4.541061083984374e-06
0.18333333333333335,-2.783150341796876e-06
0.18413919413919433,-3.027290722656254e-06
0.1849450549450551,-1.074167675781254e-06
0.18575091575091585,5.126997998046875e-06
0.1865567765567766,2.4414538085937493e-06
0.18736263736263736,-4.8778076171878125e-08
0.18816849816849834,-2.6854941894531236e-06
0.1889743589743591,-1.4643422851562348e-07
0.18978021978021986,2.148485351562499e-06
0.19058608058608062,2.5391099609375017e-06
0.19139194139194138,-1.3183080566406317e-06
0.19219780219780236,-2.1972134277343755e-06
0.19300366300366312,5.0000000001659824e-11
0.19380952380952388,2.5391099609375017e-06
0.19461538461538463,2.9785626464843703e-06
0.19542124542124562,-4.3940268554688087e-07
0.19622710622710637,-3.466743408203129e-06
0.19703296703296713,4.1016083984374985e-06
0.1978388278388279,4.296920703124996e-06
0.19864468864468865,2.5391099609375017e-06
0.19945054945054963,-3.3690872558593764e-06
0.2002564102564104,-7.811992187500038e-07
0.19945054945054963,1.5625484374999984e-06
0.19864468864468865,3.6133276367187503e-06
0.1978388278388279,1.7090326660156235e-06
0.19703296703296713,-1.269479980468752e-06
0.19622710622710637,-1.3671361328124973e-06
0.19542124542124562,2.490281884765622e-06
0.19461538461538463,3.02739072265625e-06
0.19380952380952388,8.301272949218728e-07
0.19300366300366312,-1.0253395996093743e-06
0.19219780219780236,-1.9042449707031252e-06
0.19139194139194138,1.1719238281249956e-06
0.19058608058608062,3.369187255859373e-06
0.18978021978021986,-3.124946875000006e-06
0.1889743589743591,-3.7108837890624995e-06
0.18816849816849834,-1.2206519042968722e-06
0.18736263736263736,3.8574680175781206e-06
0.1865567765567766,1.123095751953123e-06
0.18575091575091585,-1.3183080566406317e-06
0.1849450549450551,-3.7108837890624995e-06
0.18413919413919433,-6.835430664062513e-07
0.18333333333333335,2.294969580078124e-06
0.1825274725274726,1.2695799804687481e-06
0.18172161172161183,-2.587838037109378e-06
0.18091575091575107,-3.6620557128906267e-06
0.1801098901098901,-7.32371142578124e-07
0.17930402930402933,3.906746093749973e-07
0.17849816849816857,1.464892285156253e-06
0.17769230769230782,-1.5136203613281296e-06
0.17688644688644706,-4.443304931640625e-06
0.17608058608058608,2.8809064941406247e-06
0.17527472527472532,2.9297345703125047e-06
0.17446886446886456,1.3672361328124935e-06
0.1736630036630038,-4.931585693359373e-06
0.17285714285714304,-2.0507291992187575e-06
0.17205128205128206,-4.8778076171878125e-08
0.1712454212454213,3.02739072265625e-06
0.17043956043956054,1.9536230468749947e-07
0.16963369963369979,-1.7577607421875e-06
0.1688278388278388,-2.5390099609375057e-06
0.16802197802197805,9.766115234374979e-07
0.1672161172161173,1.9043449707031214e-06
0.16641025641025653,1.465342285156197e-07
0.16560439560439577,-3.466743408203129e-06
0.1647985347985348,-3.124946875000006e-06
0.16399267399267403,7.324711425781274e-07
0.16318681318681327,3.710983789062496e-06
0.16238095238095251,-4.687445312500003e-06
0.16157509157509176,-4.3456487792968795e-06
0.16076923076923078,-2.734322265625003e-06
0.15996336996337002,3.7598118652343754e-06
0.15915750915750926,7.324711425781274e-07
0.1583516483516485,-1.5624484375000022e-06
0.15754578754578774,-4.638617236328123e-06
0.15673992673992676,-1.8065888183593799e-06
0.155934065934066,-2.440903808593759e-07
0.15512820512820524,6.348149902343678e-07
0.15432234432234448,-2.783150341796876e-06
0.1535164835164835,-3.906196093749997e-06
0.15271062271062275,-2.3436976562500006e-06
0.151904761904762,2.490281884765622e-06
0.15109890109890123,7.324711425781274e-07
0.15029304029304047,-2.3436976562500006e-06
0.1494871794871795,-5.566350683593754e-06
0.14868131868131873,3.1250468749999954e-06
0.14787545787545797,2.343797656249997e-06
0.1470695970695972,6.348149902343678e-07
0.14626373626373645,-5.175726074218751e-06
0.14545787545787547,-2.294869580078128e-06
0.14465201465201472,-5.85886914062506e-07
0.14384615384615396,2.3926257324218765e-06
0.1430402930402932,-9.76061523437508e-08
0.14223443223443222,-1.7577607421875e-06
0.14142857142857146,-2.441353808593746e-06
0.1406227106227107,1.465342285156197e-07
0.13981684981684994,1.7578607421874963e-06
0.13901098901098918,5.0000000001659824e-11
0.1382051282051282,-5.175726074218751e-06
0.13739926739926744,-2.978462646484374e-06
0.13659340659340669,5.371588378906224e-07
0.13578754578754593,3.662155712890623e-06
0.13498168498168517,-5.126897998046871e-06
0.1341758241758242,-4.247992626953127e-06
0.13336996336996343,-3.3690872558593764e-06
0.13256410256410267,1.8555168945312486e-06
0.1317582417582419,-2.440903808593759e-07
0.13095238095238093,-8.788553710937491e-07
0.13014652014652017,-4.540961083984377e-06
0.12934065934065941,-1.953073046874998e-06
0.12853479853479866,-1.0253395996093743e-06
0.1277289377289379,9.277834472656252e-07
0.12692307692307692,-1.8065888183593799e-06
0.12611721611721616,-4.150336474609375e-06
0.1253113553113554,-3.124946875000006e-06
0.12450549450549464,4.345748779296876e-06
0.12369963369963388,2.9301845703124485e-07
0.1228937728937729,-3.808539941406252e-06
0.12208791208791214,-5.810491064453124e-06
0.12128205128205138,1.2695799804687481e-06
0.12047619047619063,4.3950268554687707e-07
0.11967032967032987,6.836430664062475e-07
0.11886446886446889,-3.7108837890624995e-06
0.11805860805860813,-2.5390099609375057e-06
0.11725274725274737,-2.587838037109378e-06
0.11644688644688661,2.343797656249997e-06
0.11564102564102563,-3.905746093750011e-07
0.11483516483516487,-3.5155714843750016e-06
0.11402930402930411,-3.7108837890624995e-06
0.11322344322344335,-6.835430664062513e-07
0.1124175824175826,1.5625484374999984e-06
0.11161172161172161,-4.882307617187465e-07
0.11080586080586086,-6.24994375e-06
0.1100000000000001,-2.8319784179687487e-06
0.10919413919413934,1.2207519042968756e-06
0.10838827838827858,1.6113765136718712e-06
0.1075824175824176,-1.8065888183593799e-06
0.10677655677655684,-1.3671361328124973e-06
0.10597069597069608,-3.320259179687497e-06
0.10516483516483532,-5.370588378906262e-07
0.10435897435897434,5.859869140625022e-07
0.10355311355311358,-3.027290722656254e-06
0.10274725274725283,-5.419866455078128e-06
0.10194139194139207,-2.3925257324218806e-06
0.10113553113553131,1.660204589843751e-06
0.10032967032967033,9.770615234374701e-08
0.09952380952380957,-2.441353808593746e-06
0.09871794871794881,-4.882757617187501e-06
0.09791208791208805,-2.636666113281251e-06
0.0971062271062273,2.343797656249997e-06
0.09630036630036631,-4.8778076171878125e-08
0.09549450549450555,-4.247992626953127e-06
0.0946886446886448,-4.7851014648437485e-06
0.09388278388278404,-1.4647922851562498e-06
0.09307692307692306,-1.5136203613281296e-06
0.0922710622710623,8.301272949218728e-07
0.09146520146520154,-2.636666113281251e-06
0.09065934065934078,-3.906196093749997e-06
0.08985347985348002,2.9301845703124485e-07
0.08904761904761904,2.099657275390619e-06
0.08824175824175828,-4.3940268554688087e-07
0.08743589743589752,-5.468694531250001e-06
0.08663003663003677,-3.2714311035156313e-06
0.08582417582417601,-5.85886914062506e-07
0.08501831501831503,1.464892285156253e-06
0.08421245421245427,-7.32371142578124e-07
0.08340659340659351,-4.003852246093757e-06
0.08260073260073275,-3.5155714843750016e-06
0.08179487179487199,4.3950268554687707e-07
0.08098901098901101,1.5137203613281258e-06
0.08018315018315025,-1.5136203613281296e-06
0.0793772893772895,-4.296820703125e-06
0.07857142857142874,-3.906196093749997e-06
0.07776556776556776,-2.440903808593759e-07
0.076959706959707,2.5879380371093745e-06
0.07615384615384624,-5.908147216796876e-06
0.07534798534798548,-5.224554150390631e-06
0.07454212454212472,-3.5155714843750016e-06
0.07373626373626374,2.6367661132812472e-06
0.07293040293040298,-7.32371142578124e-07
0.07212454212454222,-1.7577607421875e-06
0.07131868131868146,-5.371038378906249e-06
0.0705128205128207,-2.1972134277343755e-06
0.06970695970695973,-1.415964208984377e-06
0.06890109890109897,2.9301845703124485e-07
0.06809523809523821,-3.124946875000006e-06
0.06728937728937745,-4.589789160156251e-06
0.06648351648351647,-3.124946875000006e-06
0.06567765567765571,4.0527803222656185e-06
0.06487179487179495,-2.929184570312486e-07
0.0640659340659342,-4.492133007812505e-06
0.06326007326007344,-6.103459521484374e-06
0.062454212454212454,6.836430664062475e-07
0.061648351648351696,2.9301845703124485e-07
0.06084249084249094,2.4419038085937927e-07
0.06003663003663018,-4.882757617187501e-06
0.05923076923076942,-2.929634570312501e-06
0.05842490842490844,-2.734322265625003e-06
0.05761904761904768,1.806688818359376e-06
0.05681318681318692,-1.3671361328124973e-06
0.056007326007326164,-3.3690872558593764e-06
0.05520146520146518,-3.2226030273437513e-06
0.054395604395604424,-6.835430664062513e-07
0.053589743589743666,1.0742676757812502e-06
0.05278388278388291,-1.3183080566406317e-06
0.05197802197802215,-7.958926416015621e-06
0.05117216117216117,-3.808539941406252e-06
0.05036630036630041,9.766115234374979e-07
0.04956043956043965,1.7578607421874963e-06
0.04875457875457889,-4.1015083984375025e-06
0.047948717948718134,-3.466743408203129e-06
0.04714285714285715,-4.540961083984377e-06
0.046336996336996394,2.4419038085937927e-07
0.045531135531135636,-6.835430664062513e-07
0.04472527472527488,-1.611276513671875e-06
0.0439194139194139,-5.859319140624997e-06
0.04311355311355314,-2.8319784179687487e-06
0.04230769230769238,4.887807617187434e-08
0.04150183150183162,-9.76061523437508e-08
0.04069597069597086,-3.2226030273437513e-06
0.03989010989010988,-5.126897998046871e-06
0.03908424908424912,-3.5643995605468743e-06
0.038278388278388364,3.662155712890623e-06
0.037472527472527606,-4.882307617187465e-07
0.03666666666666685,-5.517522607421874e-06
0.03586080586080587,-5.956975292968756e-06
0.03505494505494511,-2.929184570312486e-07
0.03424908424908435,-9.765115234375017e-07
0.03344322344322359,-4.882307617187465e-07
0.03263736263736283,-4.150336474609375e-06
0.03183150183150185,-3.5155714843750016e-06
0.031025641025641093,-2.441353808593746e-06
0.030219780219780334,1.9043449707031214e-06
0.029413919413919576,-1.5136203613281296e-06
0.028608058608058595,-4.931585693359373e-06
0.027802197802197837,-4.1015083984375025e-06
0.026996336996337078,-1.1229957519531268e-06
0.02619047619047632,7.812992187500001e-07
0.02538461538461556,-1.5624484375000022e-06
0.02457875457875458,-7.470645654296873e-06
0.02377289377289382,-3.955024169921877e-06
0.022967032967033063,1.0254395996093705e-06
0.022161172161172304,1.123095751953123e-06
0.021355311355311546,-2.8808064941406283e-06
0.020549450549450565,-2.294869580078128e-06
0.019743589743589807,-4.394476855468745e-06
0.018937728937729048,-1.0253395996093743e-06
0.01813186813186829,4.883307617187497e-07
0.01732600732600731,-4.7851014648437485e-06
0.01652014652014655,-6.3964279785156245e-06
0.01571428571428579,-3.320259179687497e-06
0.014908424908425033,1.9043449707031214e-06
0.014102564102564275,-7.811992187500038e-07
0.013296703296703294,-3.7597118652343794e-06
0.012490842490842535,-6.2011156738281265e-06
0.011684981684981777,-2.929634570312501e-06
0.010879120879121018,-9.76061523437508e-08
0.01007326007326026,-7.32371142578124e-07
0.009267399267399279,-4.980413769531253e-06
0.00846153846153852,-5.224554150390631e-06
0.007655677655677762,-2.929634570312501e-06
0.006849816849817003,-1.4643422851562348e-07
0.0060439560439560225,-5.370588378906262e-07
0.005238095238095264,-3.955024169921877e-06
0.004432234432234505,-6.640568359375002e-06
0.0036263736263737467,1.806688818359376e-06
0.002820512820512988,1.318408056640628e-06
0.0020146520146520075,-1.1718238281249994e-06
0.001208791208791249,-7.226505273437503e-06
0.0004029304029304903,-3.955024169921877e-06
-0.00040293040293026827,-1.1718238281249994e-06
-0.0012087912087910269,1.1719238281249956e-06
-0.0020146520146520075,-2.636666113281251e-06
-0.002820512820512766,-4.1015083984375025e-06
-0.0036263736263735247,-4.199164550781255e-06
-0.004432234432234283,-5.370588378906262e-07
-0.005238095238095042,3.418465332031246e-07
-0.0060439560439560225,-2.0019011230468776e-06
-0.006849816849816781,-6.2011156738281265e-06
-0.00765567765567754,-4.7851014648437485e-06
-0.008461538461538298,-8.788553710937491e-07
-0.009267399267399279,1.9043449707031214e-06
-0.010073260073260037,-6.738224511718748e-06
-0.010879120879120796,-6.738224511718748e-06
-0.011684981684981555,-4.540961083984377e-06
-0.012490842490842313,2.0508291992187463e-06
-0.013296703296703294,-1.269479980468752e-06
-0.014102564102564052,-3.3690872558593764e-06
-0.014908424908424811,-6.3964279785156245e-06
-0.01571428571428557,-3.124946875000006e-06
-0.016520146520146328,-1.9042449707031252e-06
-0.01732600732600731,-1.269479980468752e-06
-0.018131868131868067,-4.589789160156251e-06
-0.018937728937728826,-5.322210302734376e-06
-0.019743589743589585,-4.0526803222656225e-06
-0.020549450549450565,1.9043449707031214e-06
-0.021355311355311324,-7.32371142578124e-07
-0.022161172161172082,-4.687445312500003e-06
-0.02296703296703284,-7.617129882812499e-06
-0.0237728937728936,1.3672361328124935e-06
-0.02457875457875458,4.3950268554687707e-07
-0.02538461538461534,-1.074167675781254e-06
-0.026190476190476097,-6.29877182617188e-06
-0.026996336996336856,-3.5155714843750016e-06
-0.027802197802197615,-3.124946875000006e-06
-0.028608058608058595,6.836430664062475e-07
-0.029413919413919354,-2.294869580078128e-06
-0.030219780219780112,-3.3690872558593764e-06
-0.03102564102564087,-4.492133007812505e-06
-0.03183150183150185,-1.3183080566406317e-06
-0.03263736263736261,-1.9526230468750327e-07
-0.03344322344322337,-1.3671361328124973e-06
-0.03424908424908413,-8.447207177734377e-06
-0.035054945054944886,-4.540961083984377e-06
-0.03586080586080587,-1.9526230468750327e-07
-0.036666666666666625,1.2695799804687481e-06
-0.037472527472527384,-6.152287597656254e-06
-0.03827838827838814,-5.468694531250001e-06
-0.0390842490842489,-4.687445312500003e-06
-0.03989010989010988,9.770615234374701e-08
-0.04069597069597064,-2.2460415039062482e-06
-0.0415018315018314,-1.8065888183593799e-06
-0.04230769230769216,-6.347599902343752e-06
-0.043113553113552916,-3.4179153320312492e-06
-0.0439194139194139,-1.6601045898437547e-06
-0.044725274725274655,-1.074167675781254e-06
-0.045531135531135414,-3.906196093749997e-06
-0.04633699633699617,-5.761662988281252e-06
-0.04714285714285715,-4.540961083984377e-06
-0.04794871794871791,2.9785626464843703e-06
-0.04875457875457867,-1.7089326660156203e-06
-0.04956043956043943,-5.468694531250001e-06
-0.05036630036630019,-6.3964279785156245e-06
-0.05117216117216117,-1.0253395996093743e-06
-0.05197802197802193,-1.611276513671875e-06
-0.052783882783882685,-3.905746093750011e-07
-0.053589743589743444,-5.0292418457031256e-06
-0.0543956043956042,-4.0526803222656225e-06
-0.05520146520146518,-3.808539941406252e-06
-0.05600732600732594,-4.8778076171878125e-08
-0.0568131868131867,-2.099557275390623e-06
-0.05761904761904746,-4.833929541015628e-06
-0.05842490842490844,-4.980413769531253e-06
-0.0592307692307692,-2.3925257324218806e-06
-0.06003663003662996,4.887807617187434e-08
-0.060842490842490715,-1.7089326660156203e-06
-0.061648351648351474,-7.617129882812499e-06
-0.062454212454212454,-4.296820703125e-06
-0.06326007326007321,5.0000000001659824e-11
-0.06406593406593397,-1.4643422851562348e-07
-0.06487179487179473,-3.320259179687497e-06
-0.06567765567765549,-2.8808064941406283e-06
-0.06648351648351647,-4.980413769531253e-06
-0.06728937728937723,-2.0507291992187575e-06
-0.06809523809523799,3.418465332031246e-07
-0.06890109890109875,-5.859319140624997e-06
-0.06970695970695973,-6.54291220703125e-06
-0.07051282051282048,-3.808539941406252e-06
-0.07131868131868124,1.318408056640628e-06
-0.072124542124542,-1.8065888183593799e-06
-0.07293040293040276,-4.247992626953127e-06
-0.07373626373626374,-5.908147216796876e-06
-0.0745421245421245,-3.3690872558593764e-06
-0.07534798534798526,-2.099557275390623e-06
-0.07615384615384602,-1.8065888183593799e-06
-0.07695970695970678,-4.687445312500003e-06
-0.07776556776556776,-5.371038378906249e-06
-0.07857142857142851,-4.247992626953127e-06
-0.07937728937728927,5.371588378906224e-07
-0.08018315018315003,-9.27683447265629e-07
-0.08098901098901101,-4.638617236328123e-06
-0.08179487179487177,-7.470645654296873e-06
-0.08260073260073253,5.859869140625022e-07
-0.08340659340659329,-4.3940268554688087e-07
-0.08421245421245405,-1.1229957519531268e-06
-0.08501831501831503,-6.640568359375002e-06
-0.08582417582417579,-4.296820703125e-06
-0.08663003663003654,-3.1737749511718718e-06
-0.0874358974358973,3.906746093749973e-07
-0.08824175824175806,-2.3925257324218806e-06
-0.08904761904761904,-3.124946875000006e-06
-0.0898534798534798,-4.882757617187501e-06
-0.09065934065934056,-1.9042449707031252e-06
-0.09146520146520132,-7.811992187500038e-07
-0.09227106227106208,-2.0019011230468776e-06
-0.09307692307692306,-8.49603525390625e-06
-0.09388278388278382,-4.296820703125e-06
-0.09468864468864457,-8.788553710937491e-07
-0.09549450549450533,4.883307617187497e-07
-0.09630036630036631,-5.615178759765626e-06
-0.09710622710622707,-5.0292418457031256e-06
-0.09791208791208783,-5.126897998046871e-06
-0.09871794871794859,-9.27683447265629e-07
-0.09952380952380935,-1.7089326660156203e-06
-0.10032967032967033,-2.3436976562500006e-06
-0.09952380952380935,-6.494084130859378e-06
-0.09871794871794859,-3.3690872558593764e-06
-0.09791208791208783,-9.27683447265629e-07
-0.09710622710622707,-1.3671361328124973e-06
-0.09630036630036631,-3.5155714843750016e-06
-0.09549450549450533,-5.322210302734376e-06
-0.09468864468864457,-3.2226030273437513e-06
-0.09388278388278382,9.766115234374979e-07
-0.09307692307692306,-7.32371142578124e-07
-0.09227106227106208,-4.7851014648437485e-06
-0.09146520146520132,-5.2733822265625035e-06
-0.09065934065934056,-3.027290722656254e-06
-0.0898534798534798,-2.3436976562500006e-06
-0.08904761904761904,-5.85886914062506e-07
-0.08824175824175806,-2.8319784179687487e-06
-0.0874358974358973,-5.419866455078128e-06
-0.08663003663003654,9.277834472656252e-07
-0.08582417582417579,1.123095751953123e-06
-0.08501831501831503,-8.788553710937491e-07
-0.08421245421245405,-5.908147216796876e-06
-0.08340659340659329,-3.2226030273437513e-06
-0.08260073260073253,-1.1229957519531268e-06
-0.08179487179487177,1.0254395996093705e-06
-0.08098901098901101,-1.5624484375000022e-06
-0.08018315018315003,-2.734322265625003e-06
-0.07937728937728927,-3.3690872558593764e-06
-0.07857142857142851,-4.3940268554688087e-07
-0.07776556776556776,5.371588378906224e-07
-0.07695970695970678,-3.417465332031284e-07
-0.07615384615384602,-5.2733822265625035e-06
-0.07534798534798526,-3.3690872558593764e-06
-0.0745421245421245,-3.905746093750011e-07
-0.07373626373626374,2.3926257324218765e-06
-0.07293040293040276,-5.2733822265625035e-06
-0.072124542124542,-4.833929541015628e-06
-0.07131868131868124,-4.003852246093757e-06
-0.07051282051282048,1.123095751953123e-06
-0.06970695970695973,-8.788553710937491e-07
-0.06890109890109875,-1.6601045898437547e-06
-0.06809523809523799,-4.736273388671875e-06
-0.06728937728937723,-1.9042449707031252e-06
-0.06648351648351647,-1.5624484375000022e-06
-0.06567765567765549,5.0000000001659824e-11
-0.06487179487179473,-2.5390099609375057e-06
-0.06406593406593397,-3.906196093749997e-06
-0.06326007326007321,-3.076118798828126e-06
-0.062454212454212454,3.466843408203125e-06
-0.061648351648351474,-9.76061523437508e-08
-0.060842490842490715,-3.320259179687497e-06
-0.06003663003662996,-5.419866455078128e-06
-0.0592307692307692,1.8555168945312486e-06
-0.05842490842490844,9.766115234374979e-07
-0.05761904761904746,4.3950268554687707e-07
-0.0568131868131867,-4.199164550781255e-06
-0.05600732600732594,-1.9042449707031252e-06
-0.05520146520146518,-2.2460415039062482e-06
-0.0543956043956042,1.660204589843751e-06
-0.053589743589743444,-9.27683447265629e-07
-0.052783882783882685,-1.8554168945312524e-06
-0.05197802197802193,-2.5390099609375057e-06
-0.05117216117216117,-4.3940268554688087e-07
-0.05036630036630019,8.789553710937454e-07
-0.04956043956043943,5.0000000001659824e-11
-0.04875457875457867,-6.738224511718748e-06
-0.04794871794871791,-2.587838037109378e-06
-0.04714285714285715,1.1719238281249956e-06
-0.04633699633699617,2.148485351562499e-06
-0.045531135531135414,-3.6132276367187543e-06
-0.044725274725274655,-2.4901818847656257e-06
-0.0439194139194139,-3.466743408203129e-06
-0.043113553113552916,7.812992187500001e-07
-0.04230769230769216,-1.9526230468750327e-07
-0.0415018315018314,4.887807617187434e-08
-0.04069597069597064,-4.394476855468745e-06
-0.03989010989010988,-1.953073046874998e-06
-0.0390842490842489,5.859869140625022e-07
-0.03827838827838814,9.766115234374979e-07
-0.037472527472527384,-1.7089326660156203e-06
-0.036666666666666625,-4.199164550781255e-06
-0.03586080586080587,-1.7577607421875e-06
-0.035054945054944886,3.2227030273437477e-06
-0.03424908424908413,2.4419038085937927e-07
-0.03344322344322337,-3.7597118652343794e-06
-0.03263736263736261,-3.6620557128906267e-06
-0.03183150183150185,-7.811992187500038e-07
-0.03102564102564087,-1.3183080566406317e-06
-0.030219780219780112,8.301272949218728e-07
-0.029413919413919354,-1.7089326660156203e-06
-0.028608058608058595,-3.7597118652343794e-06
-0.027802197802197615,1.5137203613281258e-06
-0.026996336996336856,2.5391099609375017e-06
-0.026190476190476097,5.859869140625022e-07
-0.02538461538461534,-4.540961083984377e-06
-0.02457875457875458,-2.1483853515625027e-06
-0.0237728937728936,-2.929184570312486e-07
-0.02296703296703284,2.294969580078124e-06
-0.022161172161172082,-4.8778076171878125e-08
-0.021355311355311324,-2.441353808593746e-06
-0.020549450549450565,-2.3925257324218806e-06
-0.019743589743589585,1.0254395996093705e-06
-0.018937728937728826,1.6113765136718712e-06
-0.018131868131868067,-4.8778076171878125e-08
-0.01732600732600731,-3.1737749511718718e-06
-0.016520146520146328,-2.783150341796876e-06
-0.01571428571428557,5.859869140625022e-07
-0.014908424908424811,3.2715311035156273e-06
-0.014102564102564052,-4.736273388671875e-06
-0.013296703296703294,-4.1015083984375025e-06
-0.012490842490842313,-1.8554168945312524e-06
-0.011684981684981555,3.320359179687493e-06
-0.010879120879120796,1.465342285156197e-07
-0.010073260073260037,-1.611276513671875e-06
-0.009267399267399279,-4.003852246093757e-06
-0.008461538461538298,-7.32371142578124e-07
-0.00765567765567754,-1.4643422851562348e-07
-0.006849816849816781,4.883307617187497e-07
-0.0060439560439560225,-2.3436976562500006e-06
-0.005238095238095042,-3.320259179687497e-06
-0.004432234432234283,-1.9042449707031252e-06
-0.0036263736263735247,3.2715311035156273e-06
-0.002820512820512766,8.789553710937454e-07
-0.0020146520146520075,-2.1972134277343755e-06
-0.0012087912087910269,-4.833929541015628e-06
-0.00040293040293026827,3.2227030273437477e-06
0.0004029304029304903,2.1973134277343786e-06
0.001208791208791249,1.123095751953123e-06
0.0020146520146520075,-3.955024169921877e-06
0.002820512820512988,-1.5624484375000022e-06
0.0036263736263737467,-1.074167675781254e-06
0.004432234432234505,2.6367661132812472e-06
0.005238095238095264,2.4419038085937927e-07
0.0060439560439560225,-7.32371142578124e-07
0.006849816849817003,-2.587838037109378e-06
0.007655677655677762,6.836430664062475e-07
0.00846153846153852,1.953173046875001e-06
0.009267399267399279,1.4160642089843733e-06
0.01007326007326026,-5.859319140624997e-06
0.010879120879121018,-2.1483853515625027e-06
0.011684981684981777,1.9043449707031214e-06
0.012490842490842535,4.248092626953124e-06
0.013296703296703294,-3.6620557128906267e-06
0.014102564102564275,-2.783150341796876e-06
0.014908424908425033,-2.4901818847656257e-06
0.01571428571428579,2.343797656249997e-06
0.01652014652014655,5.859869140625022e-07
0.01732600732600731,6.836430664062475e-07
0.01813186813186829,-4.1015083984375025e-06
0.018937728937729048,-1.074167675781254e-06
0.019743589743589807,7.324711425781274e-07
0.020549450549450565,1.3672361328124935e-06
0.021355311355311546,-1.269479980468752e-06
0.022161172161172304,-2.978462646484374e-06
0.022967032967033063,-1.4647922851562498e-06
0.02377289377289382,5.468794531249997e-06
0.02457875457875458,1.123095751953123e-06
0.02538461538461556,-2.8808064941406283e-06
0.02619047619047632,-3.6132276367187543e-06
0.026996336996337078,7.812992187500001e-07
0.027802197802197837,3.418465332031246e-07
0.028608058608058595,1.660204589843751e-06
0.029413919413919576,-1.5624484375000022e-06
0.030219780219780334,-2.0507291992187575e-06
0.031025641025641093,-4.8778076171878125e-08
0.03183150183150185,3.6133276367187503e-06
0.03263736263736283,8.301272949218728e-07
0.03344322344322359,-2.8319784179687487e-06
0.03424908424908435,-2.0507291992187575e-06
0.03505494505494511,6.348149902343678e-07
0.03586080586080587,3.320359179687493e-06
0.03666666666666685,3.906746093749973e-07
0.037472527472527606,-3.3690872558593764e-06
0.038278388278388364,-1.8554168945312524e-06
0.03908424908424912,2.5391099609375017e-06
0.03989010989010988,2.6367661132812472e-06
0.04069597069597086,9.770615234374701e-08
0.04150183150183162,-5.85886914062506e-07
0.04230769230769238,-2.0019011230468776e-06
0.04311355311355314,9.766115234374979e-07
0.0439194139194139,3.2227030273437477e-06
0.04472527472527488,-3.1737749511718718e-06
0.045531135531135636,-3.808539941406252e-06
0.046336996336996394,-1.0253395996093743e-06
0.04714285714285715,3.9062960937500006e-06
0.047948717948718134,1.2207519042968756e-06
0.04875457875457889,-1.0253395996093743e-06
0.04956043956043965,-3.466743408203129e-06
0.05036630036630041,-3.417465332031284e-07
0.05117216117216117,2.343797656249997e-06
0.05197802197802215,1.464892285156253e-06
0.05278388278388291,-2.099557275390623e-06
0.053589743589743666,-2.8319784179687487e-06
0.054395604395604424,1.465342285156197e-07
0.05520146520146518,1.3672361328124935e-06
0.056007326007326164,1.9043449707031214e-06
0.05681318681318692,-1.1229957519531268e-06
0.05761904761904768,-3.7108837890624995e-06
0.05842490842490844,3.320359179687493e-06
0.05923076923076942,3.8086399414062482e-06
0.06003663003663018,1.0254395996093705e-06
0.06084249084249094,-4.296820703125e-06
0.061648351648351696,-9.27683447265629e-07
0.062454212454212454,1.2207519042968756e-06
0.06326007326007344,3.173874951171875e-06
0.0640659340659342,1.0254395996093705e-06
0.06487179487179495,-4.882307617187465e-07
0.06567765567765571,-1.2206519042968722e-06
0.06648351648351647,1.5137203613281258e-06
0.06728937728937745,2.8320784179687447e-06
0.06809523809523821,1.2207519042968756e-06
0.06890109890109897,-4.687445312500003e-06
0.06970695970695973,-1.2206519042968722e-06
0.0705128205128207,2.3926257324218765e-06
0.07131868131868146,4.541061083984374e-06
0.07212454212454222,-3.6132276367187543e-06
0.07293040293040298,-2.1972134277343755e-06
0.07373626373626374,-2.099557275390623e-06
0.07454212454212472,2.7344222656249996e-06
0.07534798534798548,2.4419038085937927e-07
0.07615384615384624,1.318408056640628e-06
0.076959706959707,-3.6620557128906267e-06
0.07776556776556776,-3.905746093750011e-07
0.07857142857142874,1.5137203613281258e-06
0.0793772893772895,1.9043449707031214e-06
0.08018315018315025,-1.0253395996093743e-06
0.08098901098901101,-2.734322265625003e-06
0.08179487179487199,-8.788553710937491e-07
0.08260073260073275,5.712934912109375e-06
0.08340659340659351,1.806688818359376e-06
0.08421245421245427,-2.3436976562500006e-06
0.08501831501831503,-3.3690872558593764e-06
0.08582417582417601,5.371588378906224e-07
0.08663003663003677,2.9301845703124485e-07
0.08743589743589752,2.5879380371093745e-06
0.08824175824175828,-7.811992187500038e-07
0.08904761904761904,-1.953073046874998e-06
0.08985347985348002,6.348149902343678e-07
0.09065934065934078,4.1016083984374985e-06
0.09146520146520154,1.2695799804687481e-06
0.0922710622710623,-2.587838037109378e-06
0.09307692307692306,-1.5136203613281296e-06
0.09388278388278404,7.812992187500001e-07
0.0946886446886448,3.8086399414062482e-06
0.09549450549450555,1.1719238281249956e-06
0.09630036630036631,-3.5643995605468743e-06
0.0971062271062273,-1.5136203613281296e-06
0.09791208791208805,2.6367661132812472e-06
0.09871794871794881,3.320359179687493e-06
0.09952380952380957,1.465342285156197e-07
0.10032967032967033,3.418465332031246e-07
0.10113553113553131,-1.8065888183593799e-06
0.10194139194139207,9.766115234374979e-07
0.10274725274725283,3.369187255859373e-06
0.10355311355311358,-2.0507291992187575e-06
0.10435897435897434,-3.5155714843750016e-06
0.10516483516483532,-6.347149902343716e-07
0.10597069597069608,4.345748779296876e-06
0.10677655677655684,1.5625484374999984e-06
0.1075824175824176,-6.835430664062513e-07
0.10838827838827858,-3.027290722656254e-06
0.10919413919413934,-1.4643422851562348e-07
0.1100000000000001,1.3672361328124935e-06
0.11080586080586086,2.0508291992187463e-06
0.11161172161172161,-1.3671361328124973e-06
0.1124175824175826,-3.5155714843750016e-06
0.11322344322344335,-1.0253395996093743e-06
0.11402930402930411,3.6133276367187503e-06
0.11483516483516487,1.8555168945312486e-06
0.11564102564102563,-1.3671361328124973e-06
0.11644688644688661,-4.394476855468745e-06
0.11725274725274737,4.492233007812501e-06
0.11805860805860813,3.2227030273437477e-06
0.11886446886446889,2.099657275390619e-06
0.11967032967032987,-3.5643995605468743e-06
0.12047619047619063,-2.440903808593759e-07
0.12128205128205138,5.0000000001659824e-11
0.12208791208791214,3.369187255859373e-06
0.1228937728937729,5.859869140625022e-07
0.12369963369963388,1.465342285156197e-07
0.12450549450549464,-1.5624484375000022e-06
0.1253113553113554,1.0742676757812502e-06
0.12611721611721616,2.8809064941406247e-06
0.12692307692307692,1.5625484374999984e-06
0.1277289377289379,-5.322210302734376e-06
0.12853479853479866,-1.5136203613281296e-06
0.12934065934065941,2.6367661132812472e-06
0.13014652014652017,4.443404931640621e-06
0.13095238095238093,-2.1483853515625027e-06
0.1317582417582419,-1.3671361328124973e-06
0.13256410256410267,-1.5624484375000022e-06
0.13336996336996343,2.099657275390619e-06
0.1341758241758242,1.464892285156253e-06
0.13498168498168517,1.1719238281249956e-06
0.13578754578754593,-3.4179153320312492e-06
0.13659340659340669,-6.347149902343716e-07
0.13739926739926744,2.1973134277343786e-06
0.1382051282051282,2.099657275390619e-06
0.13901098901098918,-3.905746093750011e-07
0.13981684981684994,-2.4901818847656257e-06
0.1406227106227107,-9.765115234375017e-07
0.14142857142857146,4.931685693359369e-06
0.14223443223443222,2.002001123046874e-06
0.1430402930402932,-2.1972134277343755e-06
0.14384615384615396,-2.929634570312501e-06
0.14465201465201472,7.812992187500001e-07
0.14545787545787547,-2.929184570312486e-07
0.14626373626373645,2.685594189453127e-06
0.1470695970695972,-6.347149902343716e-07
0.14787545787545797,-2.1483853515625027e-06
0.14868131868131873,1.7578607421874963e-06
0.1494871794871795,3.662155712890623e-06
0.15029304029304047,1.318408056640628e-06
0.15109890109890123,-3.076118798828126e-06
0.151904761904762,-9.27683447265629e-07
0.15271062271062275,1.123095751953123e-06
0.1535164835164835,3.466843408203125e-06
0.15432234432234448,7.812992187500001e-07
0.15512820512820524,-1.5136203613281296e-06
0.155934065934066,-1.0253395996093743e-06
0.15673992673992676,2.294969580078124e-06
0.15754578754578774,2.685594189453127e-06
0.1583516483516485,9.277834472656252e-07
0.15915750915750926,-2.0019011230468776e-06
0.15996336996337002,-1.8065888183593799e-06
0.16076923076923078,1.660204589843751e-06
0.16157509157509176,4.492233007812501e-06
0.16238095238095251,-3.5155714843750016e-06
0.16318681318681327,-3.076118798828126e-06
0.16399267399267403,-1.611276513671875e-06
0.1647985347985348,4.8340295410156245e-06
0.16560439560439577,1.660204589843751e-06
0.16641025641025653,-1.9526230468750327e-07
0.1672161172161173,-2.4901818847656257e-06
0.16802197802197805,5.0000000001659824e-11
0.1688278388278388,1.0254395996093705e-06
0.16963369963369979,1.660204589843751e-06
0.17043956043956054,-1.1229957519531268e-06
0.1712454212454213,-1.8554168945312524e-06
0.17205128205128206,-9.27683447265629e-07
0.17285714285714304,3.955124169921874e-06
0.1736630036630038,2.099657275390619e-06
0.17446886446886456,-1.0253395996093743e-06
0.17527472527472532,-4.003852246093757e-06
0.17608058608058608,4.0527803222656185e-06
0.17688644688644706,3.173874951171875e-06
0.17769230769230782,2.685594189453127e-06
0.17849816849816857,-2.783150341796876e-06
0.17930402930402933,-5.85886914062506e-07
0.1801098901098901,-3.905746093750011e-07
0.18091575091575107,3.9062960937500006e-06
0.18172161172161183,1.123095751953123e-06
0.1825274725274726,-1.9526230468750327e-07
0.18333333333333335,-1.3671361328124973e-06
0.18413919413919433,3.906746093749973e-07
0.1849450549450551,2.8320784179687447e-06
0.18575091575091585,2.2461415039062442e-06
0.1865567765567766,-5.322210302734376e-06
0.18736263736263736,-1.074167675781254e-06
0.18816849816849834,2.9785626464843703e-06
0.1889743589743591,4.199264550781244e-06
0.18978021978021986,-1.1229957519531268e-06
0.19058608058608062,-3.417465332031284e-07
0.19139194139194138,-1.5624484375000022e-06
0.19219780219780236,1.953173046875001e-06
0.19300366300366312,1.953173046875001e-06
0.19380952380952388,1.123095751953123e-06
0.19461538461538463,-3.1737749511718718e-06
0.19542124542124562,-5.85886914062506e-07
0.19622710622710637,3.1250468749999954e-06
0.19703296703296713,2.1973134277343786e-06
0.1978388278388279,-1.9526230468750327e-07
0.19864468864468865,-2.1972134277343755e-06
0.19945054945054963,-2.929184570312486e-07
0.2002564102564104,4.003952246093753e-06
0.19945054945054963,2.490281884765622e-06
0.19864468864468865,-1.611276513671875e-06
0.1978388278388279,-2.587838037109378e-06
0.19703296703296713,-5.85886914062506e-07
0.19622710622710637,1.3672361328124935e-06
0.19542124542124562,2.294969580078124e-06
0.19461538461538463,-8.788553710937491e-07
0.19380952380952388,-3.906196093749997e-06
0.19300366300366312,3.662155712890623e-06
0.19219780219780236,3.02739072265625e-06
0.19139194139194138,1.953173046875001e-06
0.19058608058608062,-4.0526803222656225e-06
0.18978021978021986,-1.074167675781254e-06
0.1889743589743591,4.887807617187434e-08
0.18816849816849834,3.320359179687493e-06
0.18736263736263736,5.371588378906224e-07
0.1865567765567766,-1.9526230468750327e-07
0.18575091575091585,-1.6601045898437547e-06
0.1849450549450551,6.836430664062475e-07
0.18413919413919433,2.2461415039062442e-06
0.18333333333333335,1.806688818359376e-06
0.1825274725274726,-5.810491064453124e-06
0.18172161172161183,-2.0507291992187575e-06
0.18091575091575107,1.8555168945312486e-06
0.1801098901098901,4.248092626953124e-06
0.17930402930402933,-3.466743408203129e-06
0.17849816849816857,-2.1483853515625027e-06
0.17769230769230782,-2.8319784179687487e-06
0.17688644688644706,1.5137203613281258e-06
0.17608058608058608,6.836430664062475e-07
0.17527472527472532,5.859869140625022e-07
0.17446886446886456,-3.906196093749997e-06
0.1736630036630038,-1.415964208984377e-06
0.17285714285714304,1.3672361328124935e-06
0.17205128205128206,1.0254395996093705e-06
0.1712454212454213,-1.074167675781254e-06
0.17043956043956054,-3.1737749511718718e-06
0.16963369963369979,-2.0019011230468776e-06
0.1688278388278388,3.515671484374998e-06
0.16802197802197805,1.1719238281249956e-06
0.1672161172161173,-2.8319784179687487e-06
0.16641025641025653,-3.906196093749997e-06
0.16560439560439577,-1.4647922851562498e-06
0.1647985347985348,-7.811992187500038e-07
0.16399267399267403,1.318408056640628e-06
0.16318681318681327,-1.4647922851562498e-06
0.16238095238095251,-3.7597118652343794e-06
0.16157509157509176,1.8555168945312486e-06
0.16076923076923078,2.8320784179687447e-06
0.15996336996337002,3.418465332031246e-07
0.15915750915750926,-4.492133007812505e-06
0.1583516483516485,-2.099557275390623e-06
0.15754578754578774,4.887807617187434e-08
0.15673992673992676,2.148485351562499e-06
0.155934065934066,-1.4643422851562348e-07
0.15512820512820524,-2.294869580078128e-06
0.15432234432234448,-2.4901818847656257e-06
0.1535164835164835,7.812992187500001e-07
0.15271062271062275,1.806688818359376e-06
0.151904761904762,6.836430664062475e-07
0.15109890109890123,-3.857368017578125e-06
0.15029304029304047,-2.929634570312501e-06
0.1494871794871795,6.348149902343678e-07
0.14868131868131873,3.515671484374998e-06
0.14787545787545797,-5.224554150390631e-06
0.1470695970695972,-3.808539941406252e-06
0.14626373626373645,-2.929634570312501e-06
0.14545787545787547,2.294969580078124e-06
0.14465201465201472,-1.4643422851562348e-07
0.14384615384615396,-2.440903808593759e-07
0.1430402930402932,-3.857368017578125e-06
0.14223443223443222,-1.3671361328124973e-06
0.14142857142857146,-1.074167675781254e-06
0.1406227106227107,8.789553710937454e-07
0.13981684981684994,-1.9042449707031252e-06
0.13901098901098918,-3.7597118652343794e-06
0.1382051282051282,-3.466743408203129e-06
0.13739926739926744,4.296920703124996e-06
0.13659340659340669,7.812992187500001e-07
0.13578754578754593,-3.1737749511718718e-06
0.13498168498168517,-5.175726074218751e-06
0.1341758241758242,1.4160642089843733e-06
0.13336996336996343,4.883307617187497e-07
0.13256410256410267,1.123095751953123e-06
0.1317582417582419,-2.8319784179687487e-06
0.13095238095238093,-2.441353808593746e-06
0.13014652014652017,-2.4901818847656257e-06
0.12934065934065941,2.3926257324218765e-06
0.12853479853479866,-9.76061523437508e-08
0.1277289377289379,-3.2714311035156313e-06
0.12692307692307692,-3.124946875000006e-06
0.12611721611721616,-6.347149902343716e-07
0.1253113553113554,1.8555168945312486e-06
0.12450549450549464,-1.4643422851562348e-07
0.12369963369963388,-4.394476855468745e-06
0.1228937728937729,-2.8319784179687487e-06
0.12208791208791214,9.766115234374979e-07
0.12128205128205138,1.7090326660156235e-06
0.12047619047619063,-9.27683447265629e-07
0.11967032967032987,-1.2206519042968722e-06
0.11886446886446889,-3.2714311035156313e-06
0.11805860805860813,-4.882307617187465e-07
0.11725274725274737,1.953173046875001e-06
0.11644688644688661,-4.003852246093757e-06
0.11564102564102563,-4.443304931640625e-06
0.11483516483516487,-2.929634570312501e-06
0.11402930402930411,2.8809064941406247e-06
0.11322344322344335,3.418465332031246e-07
0.1124175824175826,-1.7577607421875e-06
0.11161172161172161,-4.638617236328123e-06
0.11080586080586086,-2.0019011230468776e-06
0.1100000000000001,-5.370588378906262e-07
0.10919413919413934,2.4419038085937927e-07
0.10838827838827858,-2.6854941894531236e-06
0.1075824175824176,-3.6620557128906267e-06
0.10677655677655684,-2.4901818847656257e-06
0.10597069597069608,2.1973134277343786e-06
0.10516483516483532,7.324711425781274e-07
0.10435897435897434,-3.1737749511718718e-06
0.10355311355311358,-6.005803369140622e-06
0.10274725274725283,2.148485351562499e-06
0.10194139194139207,1.3672361328124935e-06
0.10113553113553131,1.2695799804687481e-06
0.10032967032967033,-4.443304931640625e-06
0.09952380952380957,-2.2460415039062482e-06
0.09871794871794881,-2.2460415039062482e-06
0.09791208791208805,2.2461415039062442e-06
0.0971062271062273,-9.27683447265629e-07
0.09630036630036631,-1.7089326660156203e-06
0.09549450549450555,-2.8808064941406283e-06
0.0946886446886448,-5.370588378906262e-07
0.09388278388278404,1.2207519042968756e-06
0.09307692307692306,2.4419038085937927e-07
0.0922710622710623,-6.982364892578125e-06
0.09146520146520154,-3.124946875000006e-06
0.09065934065934078,1.1719238281249956e-06
0.08985347985348002,2.148485351562499e-06
0.08904761904761904,-1.9042449707031252e-06
0.08824175824175828,-1.953073046874998e-06
0.08743589743589752,-3.7108837890624995e-06
0.08663003663003677,-1.4643422851562348e-07
0.08582417582417601,4.3950268554687707e-07
0.08501831501831503,-1.5136203613281296e-06
0.08421245421245427,-5.2733822265625035e-06
0.08340659340659351,-2.6854941894531236e-06
0.08260073260073275,1.4160642089843733e-06
0.08179487179487199,9.770615234374701e-08
0.08098901098901101,-2.441353808593746e-06
0.08018315018315025,-4.736273388671875e-06
0.0793772893772895,-2.3925257324218806e-06
0.07857142857142874,8.789553710937454e-07
0.07776556776556776,5.371588378906224e-07
0.076959706959707,-3.2226030273437513e-06
0.07615384615384624,-4.443304931640625e-06
0.07534798534798548,-2.1972134277343755e-06
0.07454212454212472,-2.440903808593759e-07
0.07373626373626374,6.836430664062475e-07
0.07293040293040298,-2.6854941894531236e-06
0.07212454212454222,-5.2733822265625035e-06
0.07131868131868146,2.343797656249997e-06
0.0705128205128207,2.002001123046874e-06
0.06970695970695973,9.770615234374701e-08
0.06890109890109897,-6.103459521484374e-06
0.06809523809523821,-2.8808064941406283e-06
0.06728937728937745,-6.347149902343716e-07
0.06648351648351647,1.7578607421874963e-06
0.06567765567765571,-1.074167675781254e-06
0.06487179487179495,-1.9042449707031252e-06
0.0640659340659342,-2.587838037109378e-06
0.06326007326007344,-1.4643422851562348e-07
0.062454212454212454,9.766115234374979e-07
0.061648351648351696,-3.417465332031284e-07
0.06084249084249094,-6.005803369140622e-06
0.06003663003663018,-3.6620557128906267e-06
0.05923076923076942,3.906746093749973e-07
0.05842490842490844,2.8320784179687447e-06
0.05761904761904768,-5.224554150390631e-06
0.05681318681318692,-4.638617236328123e-06
0.056007326007326164,-4.3456487792968795e-06
0.05520146520146518,1.7090326660156235e-06
0.054395604395604424,-4.882307617187465e-07
0.053589743589743666,-7.811992187500038e-07
0.05278388278388291,-5.322210302734376e-06
0.05197802197802215,-2.3925257324218806e-06
0.05117216117216117,-1.269479980468752e-06
0.05036630036630041,3.418465332031246e-07
0.04956043956043965,-2.5390099609375057e-06
0.04875457875457889,-4.492133007812505e-06
0.047948717948718134,-3.7108837890624995e-06
0.04714285714285715,4.345748779296876e-06
0.046336996336996394,-9.76061523437508e-08
0.045531135531135636,-4.3456487792968795e-06
0.04472527472527488,-5.664006835937499e-06
0.0439194139194139,4.883307617187497e-07
0.04311355311355314,-1.9526230468750327e-07
0.04230769230769238,2.9301845703124485e-07
0.04150183150183162,-4.150336474609375e-06
0.04069597069597086,-2.8808064941406283e-06
0.03989010989010988,-2.3925257324218806e-06
0.03908424908424912,2.0508291992187463e-06
0.038278388278388364,-1.1718238281249994e-06
0.037472527472527606,-4.296820703125e-06
0.03666666666666685,-3.857368017578125e-06
0.03586080586080587,-9.765115234375017e-07
0.03505494505494511,1.660204589843751e-06
0.03424908424908435,-7.811992187500038e-07
0.03344322344322359,-5.615178759765626e-06
0.03263736263736283,-3.7108837890624995e-06
0.03183150183150185,5.859869140625022e-07
0.031025641025641093,1.1719238281249956e-06
0.030219780219780334,-1.953073046874998e-06
0.029413919413919576,-2.3436976562500006e-06
0.028608058608058595,-3.6132276367187543e-06
0.027802197802197837,-8.300272949218765e-07
0.026996336996337078,1.5137203613281258e-06
0.02619047619047632,-5.371038378906249e-06
0.02538461538461556,-5.517522607421874e-06
0.02457875457875458,-3.5155714843750016e-06
0.02377289377289382,2.6367661132812472e-06
0.022967032967033063,-8.788553710937491e-07
0.022161172161172304,-2.783150341796876e-06
0.021355311355311546,-5.371038378906249e-06
0.020549450549450565,-2.587838037109378e-06
0.019743589743589807,-1.269479980468752e-06
0.018937728937729048,-9.27683447265629e-07
0.01813186813186829,-3.7108837890624995e-06
0.01732600732600731,-4.882757617187501e-06
0.01652014652014655,-3.076118798828126e-06
0.01571428571428579,3.02739072265625e-06
0.014908424908425033,-2.929184570312486e-07
0.014102564102564275,-4.150336474609375e-06
0.013296703296703294,-6.3964279785156245e-06
0.012490842490842535,1.318408056640628e-06
0.011684981684981777,2.9301845703124485e-07
0.010879120879121018,-9.76061523437508e-08
0.01007326007326026,-5.2733822265625035e-06
0.009267399267399279,-3.2226030273437513e-06
0.00846153846153852,-3.4179153320312492e-06
0.007655677655677762,1.464892285156253e-06
0.006849816849817003,-1.2206519042968722e-06
0.0060439560439560225,-3.124946875000006e-06
0.005238095238095264,-3.6620557128906267e-06
0.004432234432234505,-1.269479980468752e-06
0.0036263736263737467,8.789553710937454e-07
0.002820512820512988,-4.3940268554688087e-07
0.0020146520146520075,-8.056582568359374e-06
0.001208791208791249,-3.906196093749997e-06
0.0004029304029304903,7.324711425781274e-07
-0.00040293040293026827,1.5625484374999984e-06
-0.0012087912087910269,-3.6132276367187543e-06
-0.0020146520146520075,-3.2226030273437513e-06
-0.002820512820512766,-4.0526803222656225e-06
-0.0036263736263735247,-6.835430664062513e-07
-0.004432234432234283,-5.370588378906262e-07
-0.005238095238095042,-2.3925257324218806e-06
-0.0060439560439560225,-6.591740283203122e-06
-0.006849816849816781,-2.929634570312501e-06
-0.00765567765567754,6.836430664062475e-07
-0.008461538461538298,-8.788553710937491e-07
-0.009267399267399279,-3.2226030273437513e-06
-0.010073260073260037,-5.615178759765626e-06
-0.010879120879120796,-2.929634570312501e-06
-0.011684981684981555,1.2695799804687481e-06
-0.012490842490842313,-3.417465332031284e-07
-0.013296703296703294,-4.7851014648437485e-06
-0.014102564102564052,-5.322210302734376e-06
-0.014908424908424811,-2.734322265625003e-06
-0.01571428571428557,-1.5136203613281296e-06
-0.016520146520146328,-3.905746093750011e-07
-0.01732600732600731,-3.7108837890624995e-06
-0.018131868131868067,-6.29877182617188e-06
-0.018937728937728826,1.1719238281249956e-06
-0.019743589743589585,1.2695799804687481e-06
-0.020549450549450565,-1.3671361328124973e-06
-0.021355311355311324,-6.884708740234373e-06
-0.022161172161172082,-3.6132276367187543e-06
-0.02296703296703284,-1.6601045898437547e-06
-0.0237728937728936,1.2695799804687481e-06
-0.02457875457875458,-1.953073046874998e-06
-0.02538461538461534,-2.636666113281251e-06
-0.026190476190476097,-3.6620557128906267e-06
-0.026996336996336856,-1.0253395996093743e-06
-0.027802197802197615,-1.9526230468750327e-07
-0.028608058608058595,-8.788553710937491e-07
-0.029413919413919354,-8.056582568359374e-06
-0.030219780219780112,-4.296820703125e-06
-0.03102564102564087,2.9301845703124485e-07
-0.03183150183150185,1.1719238281249956e-06
-0.03263736263736261,-4.931585693359373e-06
-0.03344322344322337,-4.1015083984375025e-06
-0.03424908424908413,-4.443304931640625e-06
-0.035054945054944886,-8.300272949218765e-07
-0.03586080586080587,-1.2206519042968722e-06
-0.036666666666666625,-1.7577607421875e-06
-0.037472527472527384,-6.689396435546882e-06
-0.03827838827838814,-3.2714311035156313e-06
-0.0390842490842489,2.9301845703124485e-07
-0.03989010989010988,-1.0253395996093743e-06
-0.04069597069597064,-3.2714311035156313e-06
-0.0415018315018314,-5.468694531250001e-06
-0.04230769230769216,-2.978462646484374e-06
-0.043113553113552916,4.3950268554687707e-07
-0.0439194139194139,-1.1718238281249994e-06
-0.044725274725274655,-4.980413769531253e-06
-0.045531135531135414,-5.224554150390631e-06
-0.04633699633699617,-3.3690872558593764e-06
-0.04714285714285715,-5.370588378906262e-07
-0.04794871794871791,-7.32371142578124e-07
-0.04875457875457867,-4.150336474609375e-06
-0.04956043956043943,-6.4452560546875044e-06
-0.05036630036630019,1.5625484374999984e-06
-0.05117216117216117,3.418465332031246e-07
-0.05197802197802193,-2.929184570312486e-07
-0.052783882783882685,-6.29877182617188e-06
-0.053589743589743444,-3.7597118652343794e-06
-0.0543956043956042,-2.8808064941406283e-06
-0.05520146520146518,7.812992187500001e-07
-0.05600732600732594,-2.636666113281251e-06
-0.0568131868131867,-3.027290722656254e-06
-0.05761904761904746,-4.150336474609375e-06
-0.05842490842490844,-1.8554168945312524e-06
-0.0592307692307692,-4.3940268554688087e-07
-0.06003663003662996,-1.0253395996093743e-06
-0.060842490842490715,-8.203066796875e-06
-0.061648351648351474,-4.3456487792968795e-06
-0.062454212454212454,-4.8778076171878125e-08
-0.06326007326007321,8.789553710937454e-07
-0.06406593406593397,-4.3456487792968795e-06
-0.06487179487179473,-3.2226030273437513e-06
-0.06567765567765549,-4.394476855468745e-06
-0.06648351648351647,-1.5136203613281296e-06
-0.06728937728937723,-9.765115234375017e-07
-0.06809523809523799,-3.466743408203129e-06
-0.06890109890109875,-6.494084130859378e-06
-0.06970695970695973,-3.906196093749997e-06
-0.07051282051282048,6.348149902343678e-07
-0.07131868131868124,-1.5136203613281296e-06
-0.072124542124542,-3.906196093749997e-06
-0.07293040293040276,-5.664006835937499e-06
-0.07373626373626374,-3.1737749511718718e-06
-0.0745421245421245,-9.765115234375017e-07
-0.07534798534798526,-1.1229957519531268e-06
-0.07615384615384602,-4.394476855468745e-06
-0.07695970695970678,-5.0780699218750055e-06
-0.07776556776556776,-3.4179153320312492e-06
-0.07857142857142851,9.277834472656252e-07
-0.07937728937728927,-1.1718238281249994e-06
-0.08018315018315003,-5.0292418457031256e-06
-0.08098901098901101,-7.568301806640626e-06
-0.08179487179487177,1.0742676757812502e-06
-0.08260073260073253,9.770615234374701e-08
-0.08340659340659329,-8.300272949218765e-07
-0.08421245421245405,-5.419866455078128e-06
-0.08501831501831503,-3.124946875000006e-06
-0.08582417582417579,-3.6620557128906267e-06
-0.08663003663003654,4.3950268554687707e-07
-0.0874358974358973,-2.3436976562500006e-06
-0.08824175824175806,-3.3690872558593764e-06
-0.08904761904761904,-4.3456487792968795e-06
-0.0898534798534798,-2.1483853515625027e-06
-0.09065934065934056,-5.370588378906262e-07
-0.09146520146520132,-1.0253395996093743e-06
-0.09227106227106208,-8.251894873046879e-06
-0.09307692307692306,-4.199164550781255e-06
-0.09388278388278382,-2.929184570312486e-07
-0.09468864468864457,4.3950268554687707e-07
-0.09549450549450533,-3.906196093749997e-06
-0.09630036630036631,-3.1737749511718718e-06
-0.09710622710622707,-4.443304931640625e-06
-0.09791208791208783,-1.9042449707031252e-06
-0.09871794871794859,-1.415964208984377e-06
-0.09952380952380935,-3.955024169921877e-06
-0.10032967032967033,-6.2011156738281265e-06
-0.09952380952380935,-3.7597118652343794e-06
-0.09871794871794859,5.859869140625022e-07
-0.09791208791208783,-1.0253395996093743e-06
-0.09710622710622707,-3.320259179687497e-06
-0.09630036630036631,-5.761662988281252e-06
-0.09549450549450533,-3.2714311035156313e-06
-0.09468864468864457,-1.0253395996093743e-06
-0.09388278388278382,-1.269479980468752e-06
-0.09307692307692306,-4.199164550781255e-06
-0.09227106227106208,-4.296820703125e-06
-0.09146520146520132,-3.3690872558593764e-06
-0.09065934065934056,8.301272949218728e-07
-0.0898534798534798,5.0000000001659824e-11
-0.08904761904761904,-3.2714311035156313e-06
-0.08824175824175806,-6.29877182617188e-06
-0.0874358974358973,2.099657275390619e-06
-0.08663003663003654,6.836430664062475e-07
-0.08582417582417579,4.887807617187434e-08
-0.08501831501831503,-5.0292418457031256e-06
-0.08421245421245405,-2.2460415039062482e-06
-0.08340659340659329,-3.124946875000006e-06
-0.08260073260073253,1.0254395996093705e-06
-0.08179487179487177,-1.3183080566406317e-06
-0.08098901098901101,-1.6601045898437547e-06
-0.08018315018315003,-3.2226030273437513e-06
-0.07937728937728927,-1.4647922851562498e-06
-0.07857142857142851,3.906746093749973e-07
-0.07776556776556776,-4.8778076171878125e-08
-0.07695970695970678,-6.933536816406253e-06
-0.07615384615384602,-3.1737749511718718e-06
-0.07534798534798526,7.812992187500001e-07
-0.0745421245421245,2.002001123046874e-06
-0.07373626373626374,-3.320259179687497e-06
-0.07293040293040276,-2.3925257324218806e-06
-0.072124542124542,-3.2714311035156313e-06
-0.07131868131868124,-3.417465332031284e-07
-0.07051282051282048,-2.929184570312486e-07
-0.06970695970695973,-1.1718238281249994e-06
-0.06890109890109875,-4.736273388671875e-06
-0.06809523809523799,-2.1972134277343755e-06
-0.06728937728937723,9.277834472656252e-07
-0.06648351648351647,-1.4643422851562348e-07
-0.06567765567765549,-1.7089326660156203e-06
-0.06487179487179473,-3.955024169921877e-06
-0.06406593406593397,-2.4901818847656257e-06
-0.06326007326007321,2.002001123046874e-06
-0.062454212454212454,2.4419038085937927e-07
-0.061648351648351474,-3.6620557128906267e-06
-0.060842490842490715,-4.0526803222656225e-06
-0.06003663003662996,-1.8065888183593799e-06
-0.0592307692307692,-1.2206519042968722e-06
-0.05842490842490844,4.3950268554687707e-07
-0.05761904761904746,-2.0019011230468776e-06
-0.0568131868131867,-3.857368017578125e-06
-0.05600732600732594,2.1973134277343786e-06
-0.05520146520146518,1.660204589843751e-06
-0.0543956043956042,5.859869140625022e-07
-0.053589743589743444,-5.419866455078128e-06
-0.052783882783882685,-2.3436976562500006e-06
-0.05197802197802193,-4.3940268554688087e-07
-0.05117216117216117,1.806688818359376e-06
-0.05036630036630019,-9.27683447265629e-07
-0.04956043956043943,-1.0253395996093743e-06
-0.04875457875457867,-2.294869580078128e-06
-0.04794871794871791,-4.8778076171878125e-08
-0.04714285714285715,1.123095751953123e-06
-0.04633699633699617,6.348149902343678e-07
-0.045531135531135414,-5.859319140624997e-06
-0.044725274725274655,-2.4901818847656257e-06
-0.0439194139194139,1.2207519042968756e-06
-0.043113553113552916,2.7344222656249996e-06
-0.04230769230769216,-3.857368017578125e-06
-0.0415018315018314,-2.8808064941406283e-06
-0.04069597069597064,-2.783150341796876e-06
-0.03989010989010988,9.277834472656252e-07
-0.0390842490842489,-2.929184570312486e-07
-0.03827838827838814,-9.76061523437508e-08
-0.037472527472527384,-4.296820703125e-06
-0.036666666666666625,-1.611276513671875e-06
-0.03586080586080587,4.883307617187497e-07
-0.035054945054944886,8.789553710937454e-07
-0.03424908424908413,-1.3671361328124973e-06
-0.03344322344322337,-3.7597118652343794e-06
-0.03263736263736261,-2.294869580078128e-06
-0.03183150183150185,4.0527803222656185e-06
-0.03102564102564087,8.301272949218728e-07
-0.030219780219780112,-3.2714311035156313e-06
-0.029413919413919354,-4.247992626953127e-06
-0.028608058608058595,-5.370588378906262e-07
-0.027802197802197615,-6.347149902343716e-07
-0.026996336996336856,1.123095751953123e-06
-0.026190476190476097,-1.5624484375000022e-06
-0.02538461538461534,-2.3925257324218806e-06
-0.02457875457875458,7.324711425781274e-07
-0.0237728937728936,2.8809064941406247e-06
-0.02296703296703284,2.4419038085937927e-07
-0.022161172161172082,-3.808539941406252e-06
-0.021355311355311324,-1.8554168945312524e-06
-0.020549450549450565,1.465342285156197e-07
-0.019743589743589585,2.1973134277343786e-06
-0.018937728937728826,3.418465332031246e-07
-0.018131868131868067,-2.783150341796876e-06
-0.01732600732600731,-2.294869580078128e-06
-0.016520146520146328,1.3672361328124935e-06
-0.01571428571428557,2.148485351562499e-06
-0.014908424908424811,1.9536230468749947e-07
-0.014102564102564052,-1.7089326660156203e-06
-0.013296703296703294,-2.441353808593746e-06
-0.012490842490842313,5.859869140625022e-07
-0.011684981684981555,3.4180153320312524e-06
-0.010879120879120796,-3.857368017578125e-06
-0.010073260073260037,-4.296820703125e-06
-0.009267399267399279,-2.294869580078128e-06
-0.008461538461538298,3.8574680175781206e-06
-0.00765567765567754,3.906746093749973e-07
