# Params: min_volt -0.1 max_volt 0.2 start_volt 0.0 scan_rate 0.05 direction down num_cycles 2
Stimulation voltage (V),Measured current(A)
-0.010073260073260037,-1.269479980468752e-06
-0.009267399267399279,9.770615234374701e-08
-0.008461538461538298,-2.929184570312486e-07
-0.00765567765567754,4.443404931640621e-06
-0.006849816849816781,2.148485351562499e-06
-0.0060439560439560225,-9.76061523437508e-08
-0.005238095238095042,-5.85886914062506e-07
-0.004432234432234283,1.464892285156253e-06
-0.0036263736263735247,4.1504364746093784e-06
-0.002820512820512766,2.7344222656249996e-06
-0.0020146520146520075,-3.027290722656254e-06
-0.0012087912087910269,-1.4643422851562348e-07
-0.00040293040293026827,3.8574680175781206e-06
0.0004029304029304903,1.660204589843751e-06
0.001208791208791249,9.766115234374979e-07
0.0020146520146520075,-2.3925257324218806e-06
0.002820512820512988,-6.347149902343716e-07
0.0036263736263737467,3.955124169921874e-06
0.004432234432234505,2.1973134277343786e-06
0.005238095238095264,-9.765115234375017e-07
0.0060439560439560225,-2.2460415039062482e-06
0.006849816849817003,-7.811992187500038e-07
0.007655677655677762,4.248092626953124e-06
0.00846153846153852,1.5137203613281258e-06
0.009267399267399279,4.883307617187497e-07
0.01007326007326026,-2.0507291992187575e-06
0.010879120879121018,-1.9526230468750327e-07
0.011684981684981777,5.0000000001659824e-11
0.012490842490842535,2.099657275390619e-06
0.013296703296703294,2.4419038085937927e-07
0.014102564102564275,-1.5624484375000022e-06
0.014908424908425033,-1.1718238281249994e-06
0.01571428571428579,6.591840283203126e-06
0.01652014652014655,2.343797656249997e-06
0.01732600732600731,-1.3183080566406317e-06
0.01813186813186829,-1.953073046874998e-06
0.018937728937729048,1.5137203613281258e-06
0.019743589743589807,-2.440903808593759e-07
0.020549450549450565,2.5879380371093745e-06
0.021355311355311546,9.277834472656252e-07
0.022161172161172304,-1.8554168945312524e-06
0.022967032967033063,3.4180153320312524e-06
0.02377289377289382,3.6133276367187503e-06
0.02457875457875458,2.5391099609375017e-06
0.02538461538461556,-2.929634570312501e-06
0.02619047619047632,-3.417465332031284e-07
0.026996336996337078,1.0742676757812502e-06
0.027802197802197837,4.296920703124996e-06
0.028608058608058595,1.953173046875001e-06
0.029413919413919576,1.6113765136718712e-06
0.030219780219780334,-4.3940268554688087e-07
0.031025641025641093,1.1719238281249956e-06
0.03183150183150185,2.9785626464843703e-06
0.03263736263736283,2.5391099609375017e-06
0.03344322344322359,-4.540961083984377e-06
0.03424908424908435,-2.440903808593759e-07
0.03505494505494511,3.466843408203125e-06
0.03586080586080587,3.9062960937500006e-06
0.03666666666666685,8.301272949218728e-07
0.037472527472527606,2.2461415039062442e-06
0.038278388278388364,-4.882307617187465e-07
0.03908424908424912,1.2695799804687481e-06
0.03989010989010988,4.003952246093753e-06
0.04069597069597086,-1.7089326660156203e-06
0.04150183150183162,-1.415964208984377e-06
0.04230769230769238,-1.0253395996093743e-06
0.04311355311355314,5.0781699218750015e-06
0.0439194139194139,1.953173046875001e-06
0.04472527472527488,2.1973134277343786e-06
0.045531135531135636,-1.5624484375000022e-06
0.046336996336996394,9.277834472656252e-07
0.04714285714285715,9.766115234374979e-07
0.047948717948718134,2.4414538085937493e-06
0.04875457875457889,9.766115234374979e-07
0.04956043956043965,-9.765115234375017e-07
0.05036630036630041,-3.905746093750011e-07
0.05117216117216117,5.419966455078125e-06
0.05197802197802215,2.8320784179687447e-06
0.05278388278388291,-7.32371142578124e-07
0.053589743589743666,-6.835430664062513e-07
0.054395604395604424,3.418465332031246e-07
0.05520146520146518,1.953173046875001e-06
0.056007326007326164,2.343797656249997e-06
0.05681318681318692,6.836430664062475e-07
0.05761904761904768,-2.8808064941406283e-06
0.05842490842490844,5.224654150390627e-06
0.05923076923076942,4.0527803222656185e-06
0.06003663003663018,3.2227030273437477e-06
0.06084249084249094,-1.1718238281249994e-06
0.061648351648351696,1.2207519042968756e-06
0.062454212454212454,-1.9526230468750327e-07
0.06326007326007344,4.394576855468749e-06
0.0640659340659342,2.4414538085937493e-06
0.06487179487179495,8.301272949218728e-07
0.06567765567765571,-9.76061523437508e-08
0.06648351648351647,1.4160642089843733e-06
0.06728937728937745,3.710983789062496e-06
0.06809523809523821,3.2227030273437477e-06
0.06890109890109897,-1.5136203613281296e-06
0.06970695970695973,-1.4643422851562348e-07
0.0705128205128207,3.2227030273437477e-06
0.07131868131868146,3.710983789062496e-06
0.07212454212454222,3.0762187988281226e-06
0.07293040293040298,-1.0253395996093743e-06
0.07373626373626374,3.418465332031246e-07
0.07454212454212472,2.7832503417968724e-06
0.07534798534798548,5.859419140625e-06
0.07615384615384624,-1.953073046874998e-06
0.076959706959707,-5.370588378906262e-07
0.07776556776556776,-5.85886914062506e-07
0.07857142857142874,3.466843408203125e-06
0.0793772893772895,2.002001123046874e-06
0.08018315018315025,3.1250468749999954e-06
0.08098901098901101,-1.415964208984377e-06
0.08179487179487199,6.836430664062475e-07
0.08260073260073275,3.2715311035156273e-06
0.08340659340659351,3.8574680175781206e-06
0.08421245421245427,1.4160642089843733e-06
0.08501831501831503,-1.3671361328124973e-06
0.08582417582417601,4.883307617187497e-07
0.08663003663003677,4.1016083984374985e-06
0.08743589743589752,3.369187255859373e-06
0.08824175824175828,-4.8778076171878125e-08
0.08904761904761904,-5.85886914062506e-07
0.08985347985348002,-4.8778076171878125e-08
0.09065934065934078,4.589889160156247e-06
0.09146520146520154,3.4180153320312524e-06
0.0922710622710623,5.371588378906224e-07
0.09307692307692306,-3.076118798828126e-06
0.09388278388278404,5.810591064453121e-06
0.0946886446886448,3.9062960937500006e-06
0.09549450549450555,3.955124169921874e-06
0.09630036630036631,4.887807617187434e-08
0.0971062271062273,8.301272949218728e-07
0.09791208791208805,4.887807617187434e-08
0.09871794871794881,5.029341845703122e-06
0.09952380952380957,3.173874951171875e-06
0.10032967032967033,-4.882307617187465e-07
0.10113553113553131,-4.8778076171878125e-08
0.10194139194139207,2.099657275390619e-06
0.10274725274725283,4.638717236328127e-06
0.10355311355311358,2.099657275390619e-06
0.10435897435897434,1.0742676757812502e-06
0.10516483516483532,5.859869140625022e-07
0.10597069597069608,3.0762187988281226e-06
0.10677655677655684,3.662155712890623e-06
0.1075824175824176,3.466843408203125e-06
0.10838827838827858,-2.2460415039062482e-06
0.10919413919413934,3.418465332031246e-07
0.1100000000000001,3.466843408203125e-06
0.11080586080586086,6.250043749999996e-06
0.11161172161172161,-6.347149902343716e-07
0.1124175824175826,4.883307617187497e-07
0.11322344322344335,-7.32371142578124e-07
0.11402930402930411,3.0762187988281226e-06
0.11483516483516487,3.1250468749999954e-06
0.11564102564102563,2.7832503417968724e-06
0.11644688644688661,-1.6601045898437547e-06
0.11725274725274737,4.3950268554687707e-07
0.11805860805860813,4.736373388671872e-06
0.11886446886446889,2.9785626464843703e-06
0.11967032967032987,1.2695799804687481e-06
0.12047619047619063,-7.811992187500038e-07
0.12128205128205138,1.0742676757812502e-06
0.12208791208791214,1.5137203613281258e-06
0.1228937728937729,3.2227030273437477e-06
0.12369963369963388,1.0254395996093705e-06
0.12450549450549464,-2.929184570312486e-07
0.1253113553113554,-4.8778076171878125e-08
0.12611721611721616,7.324261425781252e-06
0.12692307692307692,3.662155712890623e-06
0.1277289377289379,2.4419038085937927e-07
0.12853479853479866,-1.953073046874998e-06
0.12934065934065941,3.1250468749999954e-06
0.13014652014652017,1.464892285156253e-06
0.13095238095238093,4.0527803222656185e-06
0.1317582417582419,1.2207519042968756e-06
0.13256410256410267,4.887807617187434e-08
0.13336996336996343,2.5879380371093745e-06
0.1341758241758242,5.273482226562493e-06
0.13498168498168517,3.2227030273437477e-06
0.13578754578754593,-1.7089326660156203e-06
0.13659340659340669,5.859869140625022e-07
0.13739926739926744,2.148485351562499e-06
0.1382051282051282,4.687545312499999e-06
0.13901098901098918,2.9785626464843703e-06
0.13981684981684994,2.5391099609375017e-06
0.1406227106227107,5.371588378906224e-07
0.14142857142857146,2.4414538085937493e-06
0.14223443223443222,4.1016083984374985e-06
0.1430402930402932,3.955124169921874e-06
0.14384615384615396,-4.0526803222656225e-06
0.14465201465201472,8.789553710937454e-07
0.14545787545787547,4.248092626953124e-06
0.14626373626373645,5.224654150390627e-06
0.1470695970695972,1.3672361328124935e-06
0.14787545787545797,2.6367661132812472e-06
0.14868131868131873,-1.9526230468750327e-07
0.1494871794871795,2.002001123046874e-06
0.15029304029304047,4.394576855468749e-06
0.15109890109890123,-7.811992187500038e-07
0.151904761904762,-1.074167675781254e-06
0.15271062271062275,4.3950268554687707e-07
0.1535164835164835,6.201215673828123e-06
0.15432234432234448,2.6367661132812472e-06
0.15512820512820524,2.0508291992187463e-06
0.155934065934066,-6.347149902343716e-07
0.15673992673992676,1.123095751953123e-06
0.15754578754578774,1.464892285156253e-06
0.1583516483516485,3.466843408203125e-06
0.15915750915750926,1.9043449707031214e-06
0.15996336996337002,-3.417465332031284e-07
0.16076923076923078,7.812992187500001e-07
0.16157509157509176,6.787152587890624e-06
0.16238095238095251,3.515671484374998e-06
0.16318681318681327,5.0000000001659824e-11
0.16399267399267403,-3.417465332031284e-07
0.1647985347985348,8.789553710937454e-07
0.16560439560439577,1.4160642089843733e-06
0.16641025641025653,4.394576855468749e-06
0.1672161172161173,1.1719238281249956e-06
0.16802197802197805,-1.953073046874998e-06
0.1688278388278388,5.810591064453121e-06
0.16963369963369979,4.443404931640621e-06
0.17043956043956054,4.1504364746093784e-06
0.1712454212454213,-6.835430664062513e-07
0.17205128205128206,1.318408056640628e-06
0.17285714285714304,-1.9526230468750327e-07
0.1736630036630038,5.175826074218747e-06
0.17446886446886456,3.02739072265625e-06
0.17527472527472532,9.766115234374979e-07
0.17608058608058608,8.301272949218728e-07
0.17688644688644706,2.3926257324218765e-06
0.17769230769230782,4.443404931640621e-06
0.17849816849816857,3.1250468749999954e-06
0.17930402930402933,9.277834472656252e-07
0.1801098901098901,4.883307617187497e-07
0.18091575091575107,3.0762187988281226e-06
0.18172161172161183,4.199264550781244e-06
0.1825274725274726,3.8086399414062482e-06
0.18333333333333335,-1.9042449707031252e-06
0.18413919413919433,5.859869140625022e-07
0.1849450549450551,3.8086399414062482e-06
0.18575091575091585,5.908247216796873e-06
0.1865567765567766,-4.8778076171878125e-08
0.18736263736263736,1.2207519042968756e-06
0.18816849816849834,-2.929184570312486e-07
0.1889743589743591,2.5879380371093745e-06
0.18978021978021986,3.369187255859373e-06
0.19058608058608062,6.836430664062475e-07
0.19139194139194138,-9.765115234375017e-07
0.19219780219780236,4.3950268554687707e-07
0.19300366300366312,6.103559521484378e-06
0.19380952380952388,2.9297345703125047e-06
0.19461538461538463,2.099657275390619e-06
0.19542124542124562,-4.8778076171878125e-08
0.19622710622710637,1.2207519042968756e-06
0.19703296703296713,1.2695799804687481e-06
0.1978388278388279,4.1016083984374985e-06
0.19864468864468865,2.1973134277343786e-06
0.19945054945054963,2.9301845703124485e-07
0.2002564102564104,5.859869140625022e-07
0.19945054945054963,7.1777771972656265e-06
0.19864468864468865,3.8574680175781206e-06
0.1978388278388279,2.4419038085937927e-07
0.19703296703296713,-1.4643422851562348e-07
0.19622710622710637,1.0742676757812502e-06
0.19542124542124562,1.6113765136718712e-06
0.19461538461538463,3.8086399414062482e-06
0.19380952380952388,1.5625484374999984e-06
0.19300366300366312,-2.099557275390623e-06
0.19219780219780236,6.201215673828123e-06
0.19139194139194138,4.1016083984374985e-06
0.19058608058608062,3.7598118652343754e-06
0.18978021978021986,-5.370588378906262e-07
0.1889743589743591,1.4160642089843733e-06
0.18816849816849834,-2.929184570312486e-07
0.18736263736263736,4.736373388671872e-06
0.1865567765567766,2.9785626464843703e-06
0.18575091575091585,1.3672361328124935e-06
0.1849450549450551,5.0000000001659824e-11
0.18413919413919433,1.7578607421874963e-06
0.18333333333333335,3.7598118652343754e-06
0.1825274725274726,2.8320784179687447e-06
0.18172161172161183,-7.32371142578124e-07
0.18091575091575107,3.418465332031246e-07
0.1801098901098901,3.02739072265625e-06
0.17930402930402933,3.173874951171875e-06
0.17849816849816857,3.5644995605468707e-06
0.17769230769230782,-1.1229957519531268e-06
0.17688644688644706,-1.9526230468750327e-07
0.17608058608058608,2.7344222656249996e-06
0.17527472527472532,5.810591064453121e-06
0.17446886446886456,-1.2206519042968722e-06
0.1736630036630038,1.465342285156197e-07
0.17285714285714304,-8.300272949218765e-07
0.17205128205128206,2.8809064941406247e-06
0.1712454212454213,2.8320784179687447e-06
0.17043956043956054,2.8320784179687447e-06
0.16963369963369979,-1.8554168945312524e-06
0.1688278388278388,5.0000000001659824e-11
0.16802197802197805,3.9062960937500006e-06
0.1672161172161173,2.2461415039062442e-06
0.16641025641025653,1.0254395996093705e-06
0.16560439560439577,-1.6601045898437547e-06
0.1647985347985348,5.859869140625022e-07
0.16399267399267403,1.5137203613281258e-06
0.16318681318681327,2.6367661132812472e-06
0.16238095238095251,2.9301845703124485e-07
0.16157509157509176,-1.4643422851562348e-07
0.16076923076923078,-8.300272949218765e-07
0.15996336996337002,5.322310302734373e-06
0.15915750915750926,3.0762187988281226e-06
0.1583516483516485,-4.8778076171878125e-08
0.15754578754578774,-2.783150341796876e-06
0.15673992673992676,3.466843408203125e-06
0.155934065934066,2.0508291992187463e-06
0.15512820512820524,3.5644995605468707e-06
0.15432234432234448,5.859869140625022e-07
0.1535164835164835,-1.9526230468750327e-07
0.15271062271062275,1.1719238281249956e-06
0.151904761904762,4.296920703124996e-06
0.15109890109890123,2.343797656249997e-06
0.15029304029304047,-1.8065888183593799e-06
0.1494871794871795,-1.4643422851562348e-07
0.14868131868131873,1.464892285156253e-06
0.14787545787545797,3.9062960937500006e-06
0.1470695970695972,2.099657275390619e-06
0.14626373626373645,1.7090326660156235e-06
0.14545787545787547,3.418465332031246e-07
0.14465201465201472,1.6113765136718712e-06
0.14384615384615396,3.320359179687493e-06
0.1430402930402932,3.6133276367187503e-06
0.14223443223443222,-3.466743408203129e-06
0.14142857142857146,-3.905746093750011e-07
0.1406227106227107,2.685594189453127e-06
0.13981684981684994,5.029341845703122e-06
0.13901098901098918,-5.85886914062506e-07
0.1382051282051282,2.9301845703124485e-07
0.13739926739926744,-1.5136203613281296e-06
0.13659340659340669,1.8555168945312486e-06
0.13578754578754593,1.953173046875001e-06
0.13498168498168517,1.7090326660156235e-06
0.1341758241758242,-2.0507291992187575e-06
0.13336996336996343,5.859869140625022e-07
0.13256410256410267,3.7598118652343754e-06
0.1317582417582419,2.1973134277343786e-06
0.13095238095238093,8.789553710937454e-07
0.13014652014652017,-1.611276513671875e-06
0.12934065934065941,6.348149902343678e-07
0.12853479853479866,1.7090326660156235e-06
0.1277289377289379,1.8555168945312486e-06
0.12692307692307692,-9.76061523437508e-08
0.12611721611721616,-8.788553710937491e-07
0.1253113553113554,-9.765115234375017e-07
0.12450549450549464,4.345748779296876e-06
0.12369963369963388,2.490281884765622e-06
0.1228937728937729,9.770615234374701e-08
0.12208791208791214,-2.5390099609375057e-06
0.12128205128205138,4.7852014648437445e-06
0.12047619047619063,2.6367661132812472e-06
0.11967032967032987,3.173874951171875e-06
0.11886446886446889,-7.811992187500038e-07
0.11805860805860813,2.9301845703124485e-07
0.11725274725274737,-5.85886914062506e-07
0.11644688644688661,3.955124169921874e-06
0.11564102564102563,1.5625484374999984e-06
0.11483516483516487,-3.905746093750011e-07
0.11402930402930411,-8.300272949218765e-07
0.11322344322344335,8.789553710937454e-07
0.1124175824175826,3.2227030273437477e-06
0.11161172161172161,2.685594189453127e-06
0.11080586080586086,-1.415964208984377e-06
0.1100000000000001,-5.370588378906262e-07
0.10919413919413934,2.294969580078124e-06
0.10838827838827858,2.7832503417968724e-06
0.1075824175824176,2.6367661132812472e-06
0.10677655677655684,-1.074167675781254e-06
0.10597069597069608,-1.3183080566406317e-06
0.10516483516483532,1.6113765136718712e-06
0.10435897435897434,5.322310302734373e-06
0.10355311355311358,-3.2226030273437513e-06
0.10274725274725283,-1.3183080566406317e-06
0.10194139194139207,-1.1229957519531268e-06
0.10113553113553131,2.8320784179687447e-06
0.10032967032967033,1.123095751953123e-06
0.09952380952380957,2.6367661132812472e-06
0.09871794871794881,-2.1972134277343755e-06
0.09791208791208805,-3.905746093750011e-07
0.0971062271062273,2.099657275390619e-06
0.09630036630036631,2.8809064941406247e-06
0.09549450549450555,6.836430664062475e-07
0.0946886446886448,-2.441353808593746e-06
0.09388278388278404,-4.3940268554688087e-07
0.09307692307692306,2.343797656249997e-06
0.0922710622710623,2.148485351562499e-06
0.09146520146520154,-6.347149902343716e-07
0.09065934065934078,-9.765115234375017e-07
0.08985347985348002,-1.074167675781254e-06
0.08904761904761904,4.0527803222656185e-06
0.08824175824175828,2.148485351562499e-06
0.08743589743589752,-2.440903808593759e-07
0.08663003663003677,-4.247992626953127e-06
0.08582417582417601,3.9062960937500006e-06
0.08501831501831503,2.5391099609375017e-06
0.08421245421245427,3.173874951171875e-06
0.08340659340659351,-1.415964208984377e-06
0.08260073260073275,-3.417465332031284e-07
0.08179487179487199,-1.0253395996093743e-06
0.08098901098901101,4.1504364746093784e-06
0.08018315018315025,1.3672361328124935e-06
0.0793772893772895,-9.765115234375017e-07
0.07857142857142874,-1.415964208984377e-06
0.07776556776556776,7.812992187500001e-07
0.076959706959707,3.7598118652343754e-06
0.07615384615384624,1.9043449707031214e-06
0.07534798534798548,-2.3436976562500006e-06
0.07454212454212472,-1.0253395996093743e-06
0.07373626373626374,2.1973134277343786e-06
0.07293040293040298,3.1250468749999954e-06
0.07212454212454222,2.343797656249997e-06
0.07131868131868146,-1.1718238281249994e-06
0.0705128205128207,-1.611276513671875e-06
0.06970695970695973,1.0254395996093705e-06
0.06890109890109897,5.371138378906252e-06
0.06809523809523821,-3.906196093749997e-06
0.06728937728937745,-2.1972134277343755e-06
0.06648351648351647,-2.294869580078128e-06
0.06567765567765571,3.8574680175781206e-06
0.06487179487179495,1.4160642089843733e-06
0.0640659340659342,1.806688818359376e-06
0.06326007326007344,-2.734322265625003e-06
0.062454212454212454,-9.765115234375017e-07
0.061648351648351696,4.887807617187434e-08
0.06084249084249094,2.148485351562499e-06
0.06003663003663018,2.4419038085937927e-07
0.05923076923076942,-2.3436976562500006e-06
0.05842490842490844,-1.3183080566406317e-06
0.05761904761904768,5.419966455078125e-06
0.05681318681318692,1.660204589843751e-06
0.056007326007326164,-2.099557275390623e-06
0.05520146520146518,-1.9042449707031252e-06
0.054395604395604424,-8.300272949218765e-07
0.053589743589743666,-2.440903808593759e-07
0.05278388278388291,2.8809064941406247e-06
0.05197802197802215,-4.8778076171878125e-08
0.05117216117216117,-4.0526803222656225e-06
0.05036630036630041,4.882857617187504e-06
0.04956043956043965,3.1250468749999954e-06
0.04875457875457889,2.6367661132812472e-06
0.047948717948718134,-3.4179153320312492e-06
0.04714285714285715,-6.835430664062513e-07
0.046336996336996394,-8.788553710937491e-07
0.045531135531135636,3.6133276367187503e-06
0.04472527472527488,8.789553710937454e-07
0.0439194139194139,6.348149902343678e-07
0.04311355311355314,-1.0253395996093743e-06
0.04230769230769238,5.859869140625022e-07
0.04150183150183162,2.685594189453127e-06
0.04069597069597086,2.148485351562499e-06
0.03989010989010988,-4.589789160156251e-06
0.03908424908424912,-1.2206519042968722e-06
0.038278388278388364,2.4414538085937493e-06
0.037472527472527606,2.8809064941406247e-06
0.03666666666666685,1.4160642089843733e-06
0.03586080586080587,6.348149902343678e-07
0.03505494505494511,-1.9042449707031252e-06
0.03424908424908435,8.789553710937454e-07
0.03344322344322359,5.029341845703122e-06
0.03263736263736283,-4.394476855468745e-06
0.03183150183150185,-2.6854941894531236e-06
0.031025641025641093,-1.8554168945312524e-06
0.030219780219780334,3.5644995605468707e-06
0.029413919413919576,6.348149902343678e-07
0.028608058608058595,1.7578607421874963e-06
0.027802197802197837,-3.124946875000006e-06
0.026996336996337078,-1.269479980468752e-06
0.02619047619047632,5.859869140625022e-07
0.02538461538461556,2.343797656249997e-06
0.02457875457875458,-4.8778076171878125e-08
0.02377289377289382,-2.8808064941406283e-06
0.022967032967033063,-1.611276513671875e-06
0.022161172161172304,4.7852014648437445e-06
0.021355311355311546,1.660204589843751e-06
0.020549450549450565,-2.2460415039062482e-06
0.019743589743589807,-2.636666113281251e-06
0.018937728937729048,-1.074167675781254e-06
0.01813186813186829,1.9536230468749947e-07
0.01732600732600731,2.002001123046874e-06
0.01652014652014655,-4.3940268554688087e-07
0.01571428571428579,-4.443304931640625e-06
0.014908424908425033,4.443404931640621e-06
0.014102564102564275,2.685594189453127e-06
0.013296703296703294,2.099657275390619e-06
0.012490842490842535,-3.2226030273437513e-06
0.011684981684981777,-8.788553710937491e-07
0.010879120879121018,-2.8319784179687487e-06
0.01007326007326026,3.4180153320312524e-06
0.009267399267399279,7.324711425781274e-07
0.00846153846153852,-4.3940268554688087e-07
0.007655677655677762,-2.0507291992187575e-06
0.006849816849817003,4.887807617187434e-08
0.0060439560439560225,2.6367661132812472e-06
0.005238095238095264,1.7090326660156235e-06
0.004432234432234505,-4.882757617187501e-06
0.0036263736263737467,-1.9042449707031252e-06
0.002820512820512988,2.490281884765622e-06
0.0020146520146520075,2.5391099609375017e-06
0.001208791208791249,-4.8778076171878125e-08
0.0004029304029304903,1.465342285156197e-07
-0.00040293040293026827,-1.7089326660156203e-06
-0.0012087912087910269,5.859869140625022e-07
-0.0020146520146520075,3.4180153320312524e-06
-0.002820512820512766,-4.443304931640625e-06
-0.0036263736263735247,-2.929634570312501e-06
-0.004432234432234283,-2.5390099609375057e-06
-0.005238095238095042,3.6133276367187503e-06
-0.0060439560439560225,5.371588378906224e-07
-0.006849816849816781,7.812992187500001e-07
-0.00765567765567754,-3.6620557128906267e-06
-0.008461538461538298,-1.5136203613281296e-06
-0.009267399267399279,-3.417465332031284e-07
-0.010073260073260037,1.8555168945312486e-06
-0.010879120879120796,-3.905746093750011e-07
-0.011684981684981555,-3.4179153320312492e-06
-0.012490842490842313,-2.4901818847656257e-06
-0.013296703296703294,5.175826074218747e-06
-0.014102564102564052,1.9043449707031214e-06
-0.014908424908424811,-3.076118798828126e-06
-0.01571428571428557,-3.6132276367187543e-06
-0.016520146520146328,-4.8778076171878125e-08
-0.01732600732600731,-1.1718238281249994e-06
-0.018131868131868067,1.464892285156253e-06
-0.018937728937728826,-1.074167675781254e-06
-0.019743589743589585,-4.150336474609375e-06
-0.020549450549450565,3.466843408203125e-06
-0.021355311355311324,3.02739072265625e-06
-0.022161172161172082,9.766115234374979e-07
-0.02296703296703284,-5.224554150390631e-06
-0.0237728937728936,-6.347149902343716e-07
-0.02457875457875458,4.887807617187434e-08
-0.02538461538461534,2.8320784179687447e-06
-0.026190476190476097,-4.8778076171878125e-08
-0.026996336996336856,5.0000000001659824e-11
-0.027802197802197615,-2.099557275390623e-06
-0.028608058608058595,1.9536230468749947e-07
-0.029413919413919354,1.806688818359376e-06
-0.030219780219780112,1.0254395996093705e-06
-0.03102564102564087,-6.494084130859378e-06
-0.03183150183150185,-2.099557275390623e-06
-0.03263736263736261,1.9043449707031214e-06
-0.03344322344322337,3.466843408203125e-06
-0.03424908424908413,-4.882307617187465e-07
-0.035054945054944886,2.4419038085937927e-07
-0.03586080586080587,-2.5390099609375057e-06
-0.036666666666666625,-4.8778076171878125e-08
-0.037472527472527384,2.294969580078124e-06
-0.03827838827838814,-4.0526803222656225e-06
-0.0390842490842489,-3.857368017578125e-06
-0.03989010989010988,-2.783150341796876e-06
-0.04069597069597064,3.955124169921874e-06
-0.0415018315018314,6.348149902343678e-07
-0.04230769230769216,5.0000000001659824e-11
-0.043113553113552916,-3.955024169921877e-06
-0.0439194139194139,-5.85886914062506e-07
-0.044725274725274655,-1.1229957519531268e-06
-0.045531135531135414,5.859869140625022e-07
-0.04633699633699617,-1.2206519042968722e-06
-0.04714285714285715,-2.587838037109378e-06
-0.04794871794871791,-2.1483853515625027e-06
-0.04875457875457867,4.736373388671872e-06
-0.04956043956043943,9.277834472656252e-07
-0.05036630036630019,-3.2714311035156313e-06
-0.05117216117216117,-3.7597118652343794e-06
-0.05197802197802193,-1.5136203613281296e-06
-0.052783882783882685,-1.4647922851562498e-06
-0.053589743589743444,1.464892285156253e-06
-0.0543956043956042,-1.5624484375000022e-06
-0.05520146520146518,-4.443304931640625e-06
-0.05600732600732594,3.02739072265625e-06
-0.0568131868131867,2.343797656249997e-06
-0.05761904761904746,4.3950268554687707e-07
-0.05842490842490844,-4.833929541015628e-06
-0.0592307692307692,-8.788553710937491e-07
-0.06003663003662996,-1.0253395996093743e-06
-0.060842490842490715,2.2461415039062442e-06
-0.061648351648351474,-1.9526230468750327e-07
-0.062454212454212454,-6.835430664062513e-07
-0.06326007326007321,-2.441353808593746e-06
-0.06406593406593397,-4.8778076171878125e-08
-0.06487179487179473,2.002001123046874e-06
-0.06567765567765549,6.836430664062475e-07
-0.06648351648351647,-5.956975292968756e-06
-0.06728937728937723,-2.3925257324218806e-06
-0.06809523809523799,1.7578607421874963e-06
-0.06890109890109875,2.0508291992187463e-06
-0.06970695970695973,-7.32371142578124e-07
-0.07051282051282048,4.887807617187434e-08
-0.07131868131868124,-2.734322265625003e-06
-0.072124542124542,-3.905746093750011e-07
-0.07293040293040276,2.5879380371093745e-06
-0.07373626373626374,-4.199164550781255e-06
-0.0745421245421245,-4.247992626953127e-06
-0.07534798534798526,-2.734322265625003e-06
-0.07615384615384602,3.02739072265625e-06
-0.07695970695970678,-2.440903808593759e-07
-0.07776556776556776,-9.76061523437508e-08
-0.07857142857142851,-4.296820703125e-06
-0.07937728937728927,-1.3183080566406317e-06
-0.08018315018315003,-7.32371142578124e-07
-0.08098901098901101,3.418465332031246e-07
-0.08179487179487177,-1.4647922851562498e-06
-0.08260073260073253,-3.320259179687497e-06
-0.08340659340659329,-2.4901818847656257e-06
-0.08421245421245405,3.515671484374998e-06
-0.08501831501831503,2.9301845703124485e-07
-0.08582417582417579,-3.466743408203129e-06
-0.08663003663003654,-3.3690872558593764e-06
-0.0874358974358973,-1.7089326660156203e-06
-0.08824175824175806,-5.85886914062506e-07
-0.08904761904761904,4.883307617187497e-07
-0.0898534798534798,-1.7577607421875e-06
-0.09065934065934056,-5.175726074218751e-06
-0.09146520146520132,3.02739072265625e-06
-0.09227106227106208,1.660204589843751e-06
-0.09307692307692306,6.836430664062475e-07
-0.09388278388278382,-4.150336474609375e-06
-0.09468864468864457,-1.1229957519531268e-06
-0.09549450549450533,-2.441353808593746e-06
-0.09630036630036631,1.8555168945312486e-06
-0.09710622710622707,1.465342285156197e-07
-0.09791208791208783,-2.1483853515625027e-06
-0.09871794871794859,-3.027290722656254e-06
-0.09952380952380935,-5.370588378906262e-07
-0.10032967032967033,9.766115234374979e-07
-0.09952380952380935,-9.76061523437508e-08
-0.09871794871794859,-4.150336474609375e-06
-0.09791208791208783,-2.2460415039062482e-06
-0.09710622710622707,1.1719238281249956e-06
-0.09630036630036631,1.123095751953123e-06
-0.09549450549450533,5.859869140625022e-07
-0.09468864468864457,-2.294869580078128e-06
-0.09388278388278382,-2.3925257324218806e-06
-0.09307692307692306,4.3950268554687707e-07
-0.09227106227106208,3.8574680175781206e-06
-0.09146520146520132,-4.687445312500003e-06
-0.09065934065934056,-2.8319784179687487e-06
-0.0898534798534798,-2.5390099609375057e-06
-0.08904761904761904,1.953173046875001e-06
-0.08824175824175806,3.418465332031246e-07
-0.0874358974358973,1.0742676757812502e-06
-0.08663003663003654,-3.466743408203129e-06
-0.08582417582417579,-1.2206519042968722e-06
-0.08501831501831503,1.5137203613281258e-06
-0.08421245421245405,9.277834472656252e-07
-0.08340659340659329,-5.370588378906262e-07
-0.08260073260073253,-3.076118798828126e-06
-0.08179487179487177,-7.811992187500038e-07
-0.08098901098901101,1.2695799804687481e-06
-0.08018315018315003,1.0742676757812502e-06
-0.07937728937728927,-1.3183080566406317e-06
-0.07857142857142851,-1.9042449707031252e-06
-0.07776556776556776,-2.1972134277343755e-06
-0.07695970695970678,3.1250468749999954e-06
-0.07615384615384602,1.660204589843751e-06
-0.07534798534798526,-1.3671361328124973e-06
-0.0745421245421245,-4.540961083984377e-06
-0.07373626373626374,3.8086399414062482e-06
-0.07293040293040276,1.8555168945312486e-06
-0.072124542124542,1.953173046875001e-06
-0.07131868131868124,-2.1483853515625027e-06
-0.07051282051282048,-3.417465332031284e-07
-0.06970695970695973,-1.3183080566406317e-06
-0.06890109890109875,3.2227030273437477e-06
-0.06809523809523799,3.906746093749973e-07
-0.06728937728937723,-1.415964208984377e-06
-0.06648351648351647,-1.7577607421875e-06
-0.06567765567765549,4.3950268554687707e-07
-0.06487179487179473,2.6367661132812472e-06
-0.06406593406593397,1.318408056640628e-06
-0.06326007326007321,-3.955024169921877e-06
-0.062454212454212454,-1.3671361328124973e-06
-0.061648351648351474,2.343797656249997e-06
-0.060842490842490715,2.4414538085937493e-06
-0.06003663003662996,1.5625484374999984e-06
-0.0592307692307692,-6.347149902343716e-07
-0.05842490842490844,-1.9042449707031252e-06
-0.05761904761904746,1.1719238281249956e-06
-0.0568131868131867,4.394576855468749e-06
-0.05600732600732594,-4.150336474609375e-06
-0.05520146520146518,-2.294869580078128e-06
-0.0543956043956042,-1.4647922851562498e-06
-0.053589743589743444,3.6133276367187503e-06
-0.052783882783882685,8.301272949218728e-07
-0.05197802197802193,1.2695799804687481e-06
-0.05117216117216117,-2.294869580078128e-06
-0.05036630036630019,-3.905746093750011e-07
-0.04956043956043943,1.465342285156197e-07
-0.04875457875457867,1.5137203613281258e-06
-0.04794871794871791,-9.76061523437508e-08
-0.04714285714285715,-1.7577607421875e-06
-0.04633699633699617,-1.2206519042968722e-06
-0.045531135531135414,5.5176226074218705e-06
-0.044725274725274655,1.806688818359376e-06
-0.0439194139194139,-1.953073046874998e-06
-0.043113553113552916,-2.3925257324218806e-06
-0.04230769230769216,2.4419038085937927e-07
-0.0415018315018314,-6.835430664062513e-07
-0.04069597069597064,2.9297345703125047e-06
-0.03989010989010988,3.418465332031246e-07
-0.0390842490842489,-2.3436976562500006e-06
-0.03827838827838814,2.8809064941406247e-06
-0.037472527472527384,3.5644995605468707e-06
-0.036666666666666625,2.0508291992187463e-06
-0.03586080586080587,-3.2714311035156313e-06
-0.035054945054944886,-8.300272949218765e-07
-0.03424908424908413,8.301272949218728e-07
-0.03344322344322337,3.8086399414062482e-06
-0.03263736263736261,1.4160642089843733e-06
-0.03183150183150185,8.789553710937454e-07
-0.03102564102564087,-4.882307617187465e-07
-0.030219780219780112,1.318408056640628e-06
-0.029413919413919354,2.8809064941406247e-06
-0.028608058608058595,2.099657275390619e-06
-0.027802197802197615,-4.492133007812505e-06
-0.026996336996336856,-8.300272949218765e-07
-0.026190476190476097,2.685594189453127e-06
-0.02538461538461534,4.638717236328127e-06
-0.02457875457875458,-2.3436976562500006e-06
-0.0237728937728936,-8.788553710937491e-07
-0.02296703296703284,-1.1718238281249994e-06
-0.022161172161172082,2.4414538085937493e-06
-0.021355311355311324,1.953173046875001e-06
-0.020549450549450565,2.0508291992187463e-06
-0.019743589743589585,-2.6854941894531236e-06
-0.018937728937728826,-1.9526230468750327e-07
-0.018131868131868067,3.1250468749999954e-06
-0.01732600732600731,1.953173046875001e-06
-0.016520146520146328,2.9301845703124485e-07
-0.01571428571428557,-2.099557275390623e-06
-0.014908424908424811,-3.417465332031284e-07
-0.014102564102564052,3.2227030273437477e-06
-0.013296703296703294,2.490281884765622e-06
-0.012490842490842313,-1.074167675781254e-06
-0.011684981684981555,-1.269479980468752e-06
-0.010879120879120796,-8.300272949218765e-07
-0.010073260073260037,2.2461415039062442e-06
-0.009267399267399279,2.5391099609375017e-06
-0.008461538461538298,-4.8778076171878125e-08
-0.00765567765567754,-3.320259179687497e-06
-0.006849816849816781,5.029341845703122e-06
-0.0060439560439560225,3.662155712890623e-06
-0.005238095238095042,3.2227030273437477e-06
-0.004432234432234283,-2.4901818847656257e-06
-0.0036263736263735247,5.0000000001659824e-11
-0.002820512820512766,5.0000000001659824e-11
-0.0020146520146520075,4.296920703124996e-06
-0.0012087912087910269,1.7578607421874963e-06
-0.00040293040293026827,9.766115234374979e-07
0.0004029304029304903,5.0000000001659824e-11
0.001208791208791249,1.318408056640628e-06
0.0020146520146520075,3.4180153320312524e-06
0.002820512820512988,2.294969580078124e-06
0.0036263736263737467,-3.857368017578125e-06
0.004432234432234505,-6.347149902343716e-07
0.005238095238095264,3.515671484374998e-06
0.0060439560439560225,4.248092626953124e-06
0.006849816849817003,1.464892285156253e-06
0.007655677655677762,1.660204589843751e-06
0.00846153846153852,-1.9042449707031252e-06
0.009267399267399279,1.7090326660156235e-06
0.01007326007326026,5.0781699218750015e-06
0.010879120879121018,-2.783150341796876e-06
0.011684981684981777,-1.953073046874998e-06
0.012490842490842535,-6.835430664062513e-07
0.013296703296703294,5.322310302734373e-06
0.014102564102564275,1.660204589843751e-06
0.014908424908425033,1.5137203613281258e-06
0.01571428571428579,-1.8554168945312524e-06
0.01652014652014655,6.348149902343678e-07
0.01732600732600731,7.324711425781274e-07
0.01813186813186829,3.466843408203125e-06
0.018937728937729048,7.812992187500001e-07
0.019743589743589807,-1.0253395996093743e-06
0.020549450549450565,-1.1718238281249994e-06
0.021355311355311546,7.226605273437499e-06
0.022161172161172304,2.8320784179687447e-06
0.022967032967033063,-1.2206519042968722e-06
0.02377289377289382,-2.099557275390623e-06
0.02457875457875458,1.806688818359376e-06
0.02538461538461556,6.836430664062475e-07
0.02619047619047632,3.320359179687493e-06
0.026996336996337078,9.766115234374979e-07
0.027802197802197837,-1.3183080566406317e-06
0.028608058608058595,4.1504364746093784e-06
0.029413919413919576,4.687545312499999e-06
0.030219780219780334,2.5391099609375017e-06
0.031025641025641093,-2.5390099609375057e-06
0.03183150183150185,4.883307617187497e-07
0.03263736263736283,1.953173046875001e-06
0.03344322344322359,4.394576855468749e-06
0.03424908424908435,2.148485351562499e-06
0.03505494505494511,1.660204589843751e-06
0.03586080586080587,4.883307617187497e-07
0.03666666666666685,2.294969580078124e-06
0.037472527472527606,3.8086399414062482e-06
0.038278388278388364,3.466843408203125e-06
0.03908424908424912,-3.955024169921877e-06
0.03989010989010988,-5.370588378906262e-07
0.04069597069597086,3.662155712890623e-06
0.04150183150183162,5.61527875976563e-06
0.04230769230769238,-5.85886914062506e-07
0.04311355311355314,5.371588378906224e-07
0.0439194139194139,-8.788553710937491e-07
0.04472527472527488,2.3926257324218765e-06
0.045531135531135636,3.369187255859373e-06
0.046336996336996394,1.5137203613281258e-06
0.04714285714285715,-1.953073046874998e-06
0.047948717948718134,3.418465332031246e-07
0.04875457875457889,4.7852014648437445e-06
0.04956043956043965,2.5391099609375017e-06
0.05036630036630041,8.301272949218728e-07
0.05117216117216117,-1.3183080566406317e-06
0.05197802197802215,4.3950268554687707e-07
0.05278388278388291,1.7090326660156235e-06
0.053589743589743666,3.0762187988281226e-06
0.054395604395604424,4.3950268554687707e-07
0.05520146520146518,-5.370588378906262e-07
0.056007326007326164,-5.370588378906262e-07
0.05681318681318692,6.396527978515621e-06
0.05761904761904768,2.7832503417968724e-06
0.05842490842490844,-4.8778076171878125e-08
0.05923076923076942,-2.441353808593746e-06
0.06003663003663018,4.541061083984374e-06
0.06084249084249094,2.8320784179687447e-06
0.061648351648351696,3.6133276367187503e-06
0.062454212454212454,-2.440903808593759e-07
0.06326007326007344,4.3950268554687707e-07
0.0640659340659342,1.465342285156197e-07
0.06487179487179495,4.882857617187504e-06
0.06567765567765571,2.6367661132812472e-06
0.06648351648351647,-5.370588378906262e-07
0.06728937728937745,9.770615234374701e-08
0.06809523809523821,1.806688818359376e-06
0.06890109890109897,4.492233007812501e-06
0.06970695970695973,2.9785626464843703e-06
0.0705128205128207,-8.300272949218765e-07
0.07131868131868146,-4.8778076171878125e-08
0.07212454212454222,3.5644995605468707e-06
0.07293040293040298,3.710983789062496e-06
0.07373626373626374,3.02739072265625e-06
0.07454212454212472,8.789553710937454e-07
0.07534798534798548,-2.929184570312486e-07
0.07615384615384624,2.1973134277343786e-06
0.076959706959707,5.712934912109375e-06
0.07776556776556776,-1.953073046874998e-06
0.07857142857142874,-1.0253395996093743e-06
0.0793772893772895,-5.85886914062506e-07
0.08018315018315025,5.419966455078125e-06
0.08098901098901101,2.1973134277343786e-06
0.08179487179487199,2.4414538085937493e-06
0.08260073260073275,-1.7577607421875e-06
0.08340659340659351,4.883307617187497e-07
0.08421245421245427,7.812992187500001e-07
0.08501831501831503,3.2715311035156273e-06
0.08582417582417601,1.3672361328124935e-06
0.08663003663003677,-4.882307617187465e-07
0.08743589743589752,-5.370588378906262e-07
0.08824175824175828,7.275433349609372e-06
0.08904761904761904,3.710983789062496e-06
0.08985347985348002,-5.370588378906262e-07
0.09065934065934078,-1.7089326660156203e-06
0.09146520146520154,2.148485351562499e-06
0.0922710622710623,1.6113765136718712e-06
0.09307692307692306,4.443404931640621e-06
0.09388278388278404,1.1719238281249956e-06
0.0946886446886448,-1.9526230468750327e-07
0.09549450549450555,1.7090326660156235e-06
0.09630036630036631,4.980513769531249e-06
0.0971062271062273,2.9785626464843703e-06
0.09791208791208805,-1.2206519042968722e-06
0.09871794871794881,1.465342285156197e-07
0.09952380952380957,1.9043449707031214e-06
0.10032967032967033,4.736373388671872e-06
0.10113553113553131,2.9297345703125047e-06
0.10194139194139207,1.0254395996093705e-06
0.10274725274725283,4.887807617187434e-08
0.10355311355311358,2.5879380371093745e-06
0.10435897435897434,3.8086399414062482e-06
0.10516483516483532,3.02739072265625e-06
0.10597069597069608,-2.294869580078128e-06
0.10677655677655684,1.9536230468749947e-07
0.1075824175824176,3.0762187988281226e-06
0.10838827838827858,6.005903369140618e-06
0.10919413919413934,-1.5136203613281296e-06
0.1100000000000001,-2.929184570312486e-07
0.11080586080586086,-4.882307617187465e-07
0.11161172161172161,3.8086399414062482e-06
0.1124175824175826,2.343797656249997e-06
0.11322344322344335,3.320359179687493e-06
0.11402930402930411,-1.1718238281249994e-06
0.11483516483516487,1.123095751953123e-06
0.11564102564102563,2.8320784179687447e-06
0.11644688644688661,3.4180153320312524e-06
0.11725274725274737,1.5137203613281258e-06
0.11805860805860813,-7.811992187500038e-07
0.11886446886446889,2.4419038085937927e-07
0.11967032967032987,4.1504364746093784e-06
0.12047619047619063,3.7598118652343754e-06
0.12128205128205138,-1.4643422851562348e-07
0.12208791208791214,-6.347149902343716e-07
0.1228937728937729,3.418465332031246e-07
0.12369963369963388,1.9043449707031214e-06
0.12450549450549464,4.0527803222656185e-06
0.1253113553113554,1.0742676757812502e-06
0.12611721611721616,-2.441353808593746e-06
0.12692307692307692,5.761762988281248e-06
0.1277289377289379,4.199264550781244e-06
0.12853479853479866,3.8086399414062482e-06
0.12934065934065941,-2.0507291992187575e-06
0.13014652014652017,7.812992187500001e-07
0.13095238095238093,1.1719238281249956e-06
0.1317582417582419,4.8340295410156245e-06
0.13256410256410267,2.4414538085937493e-06
0.13336996336996343,2.6367661132812472e-06
0.1341758241758242,5.0000000001659824e-11
0.13498168498168517,1.9043449707031214e-06
0.13578754578754593,3.955124169921874e-06
0.13659340659340669,3.8574680175781206e-06
0.13739926739926744,-3.7597118652343794e-06
0.1382051282051282,9.770615234374701e-08
0.13901098901098918,4.003952246093753e-06
0.13981684981684994,5.56645068359375e-06
0.1406227106227107,5.371588378906224e-07
0.14142857142857146,1.2695799804687481e-06
0.14223443223443222,-4.3940268554688087e-07
0.1430402930402932,2.0508291992187463e-06
0.14384615384615396,3.710983789062496e-06
0.14465201465201472,2.9301845703124485e-07
0.14545787545787547,-1.415964208984377e-06
0.14626373626373645,5.371588378906224e-07
0.1470695970695972,5.371138378906252e-06
0.14787545787545797,2.9297345703125047e-06
0.14868131868131873,1.5137203613281258e-06
0.1494871794871795,-1.0253395996093743e-06
0.15029304029304047,8.301272949218728e-07
0.15109890109890123,1.318408056640628e-06
0.151904761904762,3.320359179687493e-06
0.15271062271062275,1.123095751953123e-06
0.1535164835164835,-1.4643422851562348e-07
0.15432234432234448,-3.417465332031284e-07
0.15512820512820524,5.859419140625e-06
0.155934065934066,4.0527803222656185e-06
0.15673992673992676,7.812992187500001e-07
0.15754578754578774,-2.587838037109378e-06
0.1583516483516485,4.882857617187504e-06
0.15915750915750926,3.4180153320312524e-06
0.15996336996337002,4.492233007812501e-06
0.16076923076923078,3.418465332031246e-07
0.16157509157509176,6.836430664062475e-07
0.16238095238095251,3.418465332031246e-07
0.16318681318681327,5.273482226562493e-06
0.16399267399267403,2.5879380371093745e-06
0.1647985347985348,9.770615234374701e-08
0.16560439560439577,8.301272949218728e-07
0.16641025641025653,2.0508291992187463e-06
0.1672161172161173,4.1504364746093784e-06
0.16802197802197805,2.685594189453127e-06
0.1688278388278388,3.418465332031246e-07
0.16963369963369979,1.465342285156197e-07
0.17043956043956054,3.173874951171875e-06
0.1712454212454213,4.003952246093753e-06
0.17205128205128206,4.492233007812501e-06
0.17285714285714304,-5.370588378906262e-07
0.1736630036630038,2.9301845703124485e-07
0.17446886446886456,2.8809064941406247e-06
0.17527472527472532,6.738324511718744e-06
0.17608058608058608,-2.0019011230468776e-06
0.17688644688644706,-2.929184570312486e-07
0.17769230769230782,-1.9526230468750327e-07
0.17849816849816857,4.687545312499999e-06
0.17930402930402933,2.685594189453127e-06
0.1801098901098901,3.2227030273437477e-06
0.18091575091575107,-1.0253395996093743e-06
0.18172161172161183,1.5625484374999984e-06
0.1825274725274726,1.9043449707031214e-06
0.18333333333333335,3.515671484374998e-06
0.18413919413919433,1.953173046875001e-06
0.1849450549450551,1.465342285156197e-07
0.18575091575091585,2.9301845703124485e-07
0.1865567765567766,6.787152587890624e-06
0.18736263736263736,3.466843408203125e-06
0.18816849816849834,-9.76061523437508e-08
0.1889743589743591,-1.4643422851562348e-07
0.18978021978021986,1.123095751953123e-06
0.19058608058608062,7.812992187500001e-07
0.19139194139194138,4.980513769531249e-06
0.19219780219780236,2.294969580078124e-06
0.19300366300366312,-1.269479980468752e-06
0.19380952380952388,5.273482226562493e-06
0.19461538461538463,4.638717236328127e-06
0.19542124542124562,3.8574680175781206e-06
0.19622710622710637,-1.5624484375000022e-06
0.19703296703296713,1.0742676757812502e-06
0.1978388278388279,1.8555168945312486e-06
0.19864468864468865,5.029341845703122e-06
0.19945054945054963,3.0762187988281226e-06
0.2002564102564104,3.515671484374998e-06
0.19945054945054963,4.883307617187497e-07
0.19864468864468865,2.343797656249997e-06
0.1978388278388279,4.0527803222656185e-06
0.19703296703296713,4.0527803222656185e-06
0.19622710622710637,-3.7108837890624995e-06
0.19542124542124562,9.277834472656252e-07
0.19461538461538463,4.1016083984374985e-06
0.19380952380952388,5.273482226562493e-06
0.19300366300366312,6.348149902343678e-07
0.19219780219780236,2.2461415039062442e-06
0.19139194139194138,-4.3940268554688087e-07
0.19058608058608062,1.9043449707031214e-06
0.18978021978021986,3.4180153320312524e-06
0.1889743589743591,1.123095751953123e-06
0.18816849816849834,-1.1718238281249994e-06
0.18736263736263736,3.418465332031246e-07
0.1865567765567766,5.0781699218750015e-06
0.18575091575091585,3.0762187988281226e-06
0.1849450549450551,1.6113765136718712e-06
0.18413919413919433,-1.1718238281249994e-06
0.18333333333333335,1.5625484374999984e-06
0.1825274725274726,9.766115234374979e-07
0.18172161172161183,2.4414538085937493e-06
0.18091575091575107,8.301272949218728e-07
0.1801098901098901,2.4419038085937927e-07
0.17930402930402933,-7.811992187500038e-07
0.17849816849816857,6.347699902343748e-06
0.17769230769230782,3.6133276367187503e-06
0.17688644688644706,-1.4643422851562348e-07
0.17608058608058608,-2.3925257324218806e-06
0.17527472527472532,2.6367661132812472e-06
0.17446886446886456,1.5625484374999984e-06
0.1736630036630038,3.7598118652343754e-06
0.17285714285714304,9.277834472656252e-07
0.17205128205128206,-1.1718238281249994e-06
0.1712454212454213,1.660204589843751e-06
0.17043956043956054,4.492233007812501e-06
0.16963369963369979,2.490281884765622e-06
0.1688278388278388,-1.611276513671875e-06
0.16802197802197805,3.906746093749973e-07
0.1672161172161173,1.318408056640628e-06
0.16641025641025653,4.296920703124996e-06
0.16560439560439577,2.3926257324218765e-06
0.1647985347985348,1.660204589843751e-06
0.16399267399267403,-4.8778076171878125e-08
0.16318681318681327,2.002001123046874e-06
0.16238095238095251,3.710983789062496e-06
0.16157509157509176,3.2715311035156273e-06
0.16076923076923078,-2.3925257324218806e-06
0.15996336996337002,-3.417465332031284e-07
0.15915750915750926,2.5391099609375017e-06
0.1583516483516485,5.859419140625e-06
0.15754578754578774,-1.415964208984377e-06
0.15673992673992676,-2.440903808593759e-07
0.155934065934066,-9.765115234375017e-07
0.15512820512820524,2.9297345703125047e-06
0.15432234432234448,1.7090326660156235e-06
0.1535164835164835,2.9785626464843703e-06
0.15271062271062275,-1.7089326660156203e-06
0.151904761904762,2.4419038085937927e-07
0.15109890109890123,3.1250468749999954e-06
0.15029304029304047,3.0762187988281226e-06
0.1494871794871795,1.123095751953123e-06
0.14868131868131873,-1.9042449707031252e-06
0.14787545787545797,4.887807617187434e-08
0.1470695970695972,2.490281884765622e-06
0.14626373626373645,2.5879380371093745e-06
0.14545787545787547,-1.4643422851562348e-07
0.14465201465201472,-8.788553710937491e-07
0.14384615384615396,-1.2206519042968722e-06
0.1430402930402932,3.466843408203125e-06
0.14223443223443222,3.02739072265625e-06
0.14142857142857146,2.4419038085937927e-07
0.1406227106227107,-3.1737749511718718e-06
0.13981684981684994,5.175826074218747e-06
0.13901098901098918,3.2227030273437477e-06
0.1382051282051282,3.2227030273437477e-06
0.13739926739926744,-1.2206519042968722e-06
0.13659340659340669,4.883307617187497e-07
0.13578754578754593,-9.765115234375017e-07
0.13498168498168517,4.1504364746093784e-06
0.1341758241758242,2.2461415039062442e-06
0.13336996336996343,4.883307617187497e-07
0.13256410256410267,-5.85886914062506e-07
0.1317582417582419,8.789553710937454e-07
0.13095238095238093,3.710983789062496e-06
0.13014652014652017,2.1973134277343786e-06
0.12934065934065941,-1.7577607421875e-06
0.12853479853479866,5.0000000001659824e-11
0.1277289377289379,2.6367661132812472e-06
0.12692307692307692,2.5879380371093745e-06
0.12611721611721616,3.4180153320312524e-06
0.1253113553113554,-7.811992187500038e-07
0.12450549450549464,-1.0253395996093743e-06
0.12369963369963388,1.8555168945312486e-06
0.1228937728937729,5.761762988281248e-06
0.12208791208791214,-2.8319784179687487e-06
0.12128205128205138,-1.2206519042968722e-06
0.12047619047619063,-1.4647922851562498e-06
0.11967032967032987,3.662155712890623e-06
0.11886446886446889,1.660204589843751e-06
0.11805860805860813,2.490281884765622e-06
0.11725274725274737,-1.8554168945312524e-06
0.11644688644688661,5.371588378906224e-07
0.11564102564102563,1.0254395996093705e-06
0.11483516483516487,2.343797656249997e-06
0.11402930402930411,6.836430664062475e-07
0.11322344322344335,-1.3671361328124973e-06
0.1124175824175826,-1.0253395996093743e-06
0.11161172161172161,4.687545312499999e-06
0.11080586080586086,2.002001123046874e-06
0.1100000000000001,-1.269479980468752e-06
0.10919413919413934,-1.6601045898437547e-06
0.10838827838827858,-6.835430664062513e-07
0.1075824175824176,4.883307617187497e-07
0.10677655677655684,2.9297345703125047e-06
0.10597069597069608,5.859869140625022e-07
0.10516483516483532,-3.1737749511718718e-06
0.10435897435897434,4.687545312499999e-06
0.10355311355311358,3.6133276367187503e-06
0.10274725274725283,2.7832503417968724e-06
0.10194139194139207,-3.027290722656254e-06
0.10113553113553131,-4.8778076171878125e-08
0.10032967032967033,4.883307617187497e-07
0.09952380952380957,3.6133276367187503e-06
0.09871794871794881,1.0254395996093705e-06
0.09791208791208805,1.0254395996093705e-06
0.0971062271062273,-7.811992187500038e-07
0.09630036630036631,9.766115234374979e-07
0.09549450549450555,2.490281884765622e-06
0.0946886446886448,2.8320784179687447e-06
0.09388278388278404,-4.7851014648437485e-06
0.09307692307692306,-4.3940268554688087e-07
0.0922710622710623,2.7832503417968724e-06
0.09146520146520154,3.6133276367187503e-06
0.09065934065934078,5.371588378906224e-07
0.08985347985348002,1.806688818359376e-06
0.08904761904761904,-1.6601045898437547e-06
0.08824175824175828,5.371588378906224e-07
0.08743589743589752,2.7344222656249996e-06
0.08663003663003677,-6.835430664062513e-07
0.08582417582417601,-2.3925257324218806e-06
0.08501831501831503,-7.811992187500038e-07
0.08421245421245427,4.0527803222656185e-06
0.08340659340659351,2.002001123046874e-06
0.08260073260073275,2.9301845703124485e-07
0.08179487179487199,-2.3436976562500006e-06
0.08098901098901101,-6.347149902343716e-07
0.08018315018315025,4.883307617187497e-07
0.0793772893772895,1.7578607421874963e-06
0.07857142857142874,-2.929184570312486e-07
0.07776556776556776,-1.7089326660156203e-06
0.076959706959707,-1.074167675781254e-06
0.07615384615384624,5.664106835937495e-06
0.07534798534798548,1.953173046875001e-06
0.07454212454212472,-1.1229957519531268e-06
0.07373626373626374,-3.5155714843750016e-06
0.07293040293040298,2.1973134277343786e-06
0.07212454212454222,1.0742676757812502e-06
0.07131868131868146,3.0762187988281226e-06
0.0705128205128207,-3.905746093750011e-07
0.06970695970695973,-1.3183080566406317e-06
0.06890109890109897,4.887807617187434e-08
0.06809523809523821,3.9062960937500006e-06
0.06728937728937745,1.660204589843751e-06
0.06648351648351647,-2.3925257324218806e-06
0.06567765567765571,-8.300272949218765e-07
0.06487179487179495,1.123095751953123e-06
0.0640659340659342,3.173874951171875e-06
0.06326007326007344,1.2695799804687481e-06
0.062454212454212454,9.770615234374701e-08
0.061648351648351696,-7.32371142578124e-07
0.06084249084249094,4.883307617187497e-07
0.06003663003663018,2.294969580078124e-06
0.05923076923076942,2.7832503417968724e-06
0.05842490842490844,-4.540961083984377e-06
0.05761904761904768,-1.3183080566406317e-06
0.05681318681318692,2.3926257324218765e-06
0.056007326007326164,4.882857617187504e-06
0.05520146520146518,-2.099557275390623e-06
0.054395604395604424,-6.347149902343716e-07
0.053589743589743666,-1.415964208984377e-06
0.05278388278388291,1.0742676757812502e-06
0.05197802197802215,1.660204589843751e-06
0.05117216117216117,5.371588378906224e-07
0.05036630036630041,-3.076118798828126e-06
0.04956043956043965,-1.269479980468752e-06
0.04875457875457889,3.7598118652343754e-06
0.047948717948718134,1.464892285156253e-06
0.04714285714285715,-4.8778076171878125e-08
0.046336996336996394,-2.8808064941406283e-06
0.045531135531135636,5.0000000001659824e-11
0.04472527472527488,4.887807617187434e-08
0.0439194139194139,1.2207519042968756e-06
0.04311355311355314,-7.32371142578124e-07
0.04230769230769238,-2.0019011230468776e-06
0.04150183150183162,-1.7577607421875e-06
0.04069597069597086,5.419966455078125e-06
0.03989010989010988,1.8555168945312486e-06
0.03908424908424912,-1.7089326660156203e-06
0.038278388278388364,-4.199164550781255e-06
0.037472527472527606,1.7090326660156235e-06
0.03666666666666685,1.1719238281249956e-06
0.03586080586080587,2.4414538085937493e-06
0.03505494505494511,-8.788553710937491e-07
0.03424908424908435,-1.074167675781254e-06
0.03344322344322359,9.770615234374701e-08
0.03263736263736283,3.4180153320312524e-06
0.03183150183150185,7.812992187500001e-07
0.031025641025641093,-2.4901818847656257e-06
0.030219780219780334,-1.1718238281249994e-06
0.029413919413919576,3.418465332031246e-07
0.028608058608058595,3.0762187988281226e-06
0.027802197802197837,1.123095751953123e-06
0.026996336996337078,-8.300272949218765e-07
0.02619047619047632,-1.3671361328124973e-06
0.02538461538461556,1.318408056640628e-06
0.02457875457875458,2.4414538085937493e-06
0.02377289377289382,8.789553710937454e-07
0.022967032967033063,-4.003852246093757e-06
0.022161172161172304,-1.611276513671875e-06
0.021355311355311546,2.002001123046874e-06
0.020549450549450565,4.1504364746093784e-06
0.019743589743589807,-2.929634570312501e-06
0.018937728937729048,-1.7089326660156203e-06
0.01813186813186829,-2.0019011230468776e-06
0.01732600732600731,2.0508291992187463e-06
0.01652014652014655,8.789553710937454e-07
0.01571428571428579,8.789553710937454e-07
0.014908424908425033,-3.027290722656254e-06
0.014102564102564275,-7.32371142578124e-07
0.013296703296703294,1.464892285156253e-06
0.012490842490842535,1.4160642089843733e-06
0.011684981684981777,-5.85886914062506e-07
0.010879120879121018,-2.8319784179687487e-06
0.01007326007326026,-1.415964208984377e-06
0.009267399267399279,2.9297345703125047e-06
0.00846153846153852,1.464892285156253e-06
0.007655677655677762,-1.953073046874998e-06
0.006849816849817003,-2.3925257324218806e-06
0.0060439560439560225,-1.1229957519531268e-06
0.005238095238095264,2.490281884765622e-06
0.004432234432234505,1.5137203613281258e-06
0.0036263736263737467,-1.1718238281249994e-06
0.002820512820512988,-4.736273388671875e-06
0.0020146520146520075,3.2715311035156273e-06
0.001208791208791249,2.343797656249997e-06
0.0004029304029304903,2.3926257324218765e-06
-0.00040293040293026827,-2.8319784179687487e-06
-0.0012087912087910269,-1.1718238281249994e-06
-0.0020146520146520075,-1.611276513671875e-06
-0.002820512820512766,3.2227030273437477e-06
-0.0036263736263735247,4.883307617187497e-07
-0.004432234432234283,-1.1718238281249994e-06
-0.005238095238095042,-1.953073046874998e-06
-0.0060439560439560225,2.9301845703124485e-07
-0.006849816849816781,2.099657275390619e-06
-0.00765567765567754,9.277834472656252e-07
-0.008461538461538298,-4.589789160156251e-06
-0.009267399267399279,-1.415964208984377e-06
-0.010073260073260037,2.002001123046874e-06
-0.010879120879120796,2.490281884765622e-06
-0.011684981684981555,5.859869140625022e-07
-0.012490842490842313,-4.3940268554688087e-07
-0.013296703296703294,-2.5390099609375057e-06
-0.014102564102564052,4.3950268554687707e-07
-0.014908424908424811,3.5644995605468707e-06
-0.01571428571428557,-3.857368017578125e-06
-0.016520146520146328,-3.6620557128906267e-06
-0.01732600732600731,-2.441353808593746e-06
-0.018131868131868067,3.4180153320312524e-06
-0.018937728937728826,3.418465332031246e-07
-0.019743589743589585,-1.4643422851562348e-07
-0.020549450549450565,-3.5155714843750016e-06
-0.021355311355311324,-4.3940268554688087e-07
-0.022161172161172082,-3.905746093750011e-07
-0.02296703296703284,9.277834472656252e-07
-0.0237728937728936,-1.2206519042968722e-06
-0.02457875457875458,-2.8319784179687487e-06
-0.02538461538461534,-2.5390099609375057e-06
-0.026190476190476097,4.687545312499999e-06
-0.026996336996336856,1.660204589843751e-06
-0.027802197802197615,-2.8319784179687487e-06
-0.028608058608058595,-4.247992626953127e-06
-0.029413919413919354,-5.85886914062506e-07
-0.030219780219780112,-8.788553710937491e-07
-0.03102564102564087,1.2695799804687481e-06
-0.03183150183150185,-1.3671361328124973e-06
-0.03263736263736261,-3.2226030273437513e-06
-0.03344322344322337,1.660204589843751e-06
-0.03424908424908413,3.02739072265625e-06
-0.035054945054944886,7.812992187500001e-07
-0.03586080586080587,-4.247992626953127e-06
-0.036666666666666625,-1.953073046874998e-06
-0.037472527472527384,2.9301845703124485e-07
-0.03827838827838814,2.6367661132812472e-06
-0.0390842490842489,4.887807617187434e-08
-0.03989010989010988,-1.0253395996093743e-06
-0.04069597069597064,-1.3671361328124973e-06
-0.0415018315018314,5.859869140625022e-07
-0.04230769230769216,1.806688818359376e-06
-0.043113553113552916,1.2695799804687481e-06
-0.0439194139194139,-5.371038378906249e-06
-0.044725274725274655,-2.4901818847656257e-06
-0.045531135531135414,1.660204589843751e-06
-0.04633699633699617,3.466843408203125e-06
-0.04714285714285715,-2.929634570312501e-06
-0.04794871794871791,-1.3183080566406317e-06
-0.04875457875457867,-2.4901818847656257e-06
-0.04956043956043943,4.883307617187497e-07
-0.05036630036630019,-3.417465332031284e-07
-0.05117216117216117,-5.85886914062506e-07
-0.05197802197802193,-4.296820703125e-06
-0.052783882783882685,-1.8065888183593799e-06
-0.053589743589743444,2.099657275390619e-06
-0.0543956043956042,5.371588378906224e-07
-0.05520146520146518,-1.2206519042968722e-06
-0.05600732600732594,-3.7108837890624995e-06
-0.0568131868131867,-1.611276513671875e-06
-0.05761904761904746,7.812992187500001e-07
-0.05842490842490844,9.277834472656252e-07
-0.0592307692307692,-2.3436976562500006e-06
-0.06003663003662996,-3.5643995605468743e-06
-0.060842490842490715,-1.9042449707031252e-06
-0.061648351648351474,2.490281884765622e-06
-0.062454212454212454,9.277834472656252e-07
-0.06326007326007321,-2.294869580078128e-06
-0.06406593406593397,-4.7851014648437485e-06
-0.06487179487179473,2.685594189453127e-06
-0.06567765567765549,1.5137203613281258e-06
-0.06648351648351647,1.0254395996093705e-06
-0.06728937728937723,-3.3690872558593764e-06
-0.06809523809523799,-1.611276513671875e-06
-0.06890109890109875,-2.1972134277343755e-06
-0.06970695970695973,2.1973134277343786e-06
-0.07051282051282048,-2.929184570312486e-07
-0.07131868131868124,-1.8065888183593799e-06
-0.072124542124542,-2.3925257324218806e-06
-0.07293040293040276,-4.882307617187465e-07
-0.07373626373626374,2.148485351562499e-06
-0.0745421245421245,2.9301845703124485e-07
-0.07534798534798526,-4.882757617187501e-06
-0.07615384615384602,-2.3436976562500006e-06
-0.07695970695970678,1.3672361328124935e-06
-0.07776556776556776,1.6113765136718712e-06
-0.07857142857142851,-5.370588378906262e-07
-0.07937728937728927,-1.1718238281249994e-06
-0.08018315018315003,-2.5390099609375057e-06
-0.08098901098901101,-1.9526230468750327e-07
-0.08179487179487177,2.1973134277343786e-06
-0.08260073260073253,-4.0526803222656225e-06
-0.08340659340659329,-3.7597118652343794e-06
-0.08421245421245405,-2.587838037109378e-06
-0.08501831501831503,3.5644995605468707e-06
-0.08582417582417579,-1.4643422851562348e-07
-0.08663003663003654,-1.0253395996093743e-06
-0.0874358974358973,-4.394476855468745e-06
-0.08824175824175806,-1.5136203613281296e-06
-0.08904761904761904,-1.074167675781254e-06
-0.0898534798534798,7.324711425781274e-07
-0.09065934065934056,-1.8065888183593799e-06
-0.09146520146520132,-3.124946875000006e-06
-0.09227106227106208,-2.099557275390623e-06
-0.09307692307692306,4.1016083984374985e-06
-0.09388278388278382,3.418465332031246e-07
-0.09468864468864457,-3.027290722656254e-06
-0.09549450549450533,-4.247992626953127e-06
-0.09630036630036631,1.465342285156197e-07
-0.09710622710622707,-7.32371142578124e-07
-0.09791208791208783,7.812992187500001e-07
-0.09871794871794859,-2.0019011230468776e-06
-0.09952380952380935,-3.027290722656254e-06
-0.10032967032967033,4.3950268554687707e-07
-0.09952380952380935,2.148485351562499e-06
-0.09871794871794859,-3.905746093750011e-07
-0.09791208791208783,-4.150336474609375e-06
-0.09710622710622707,-2.099557275390623e-06
-0.09630036630036631,-4.8778076171878125e-08
-0.09549450549450533,1.806688818359376e-06
-0.09468864468864457,-5.370588378906262e-07
-0.09388278388278382,-1.1718238281249994e-06
-0.09307692307692306,-1.7577607421875e-06
-0.09227106227106208,6.348149902343678e-07
-0.09146520146520132,1.4160642089843733e-06
-0.09065934065934056,1.2695799804687481e-06
-0.0898534798534798,-3.808539941406252e-06
-0.08904761904761904,-2.1483853515625027e-06
-0.08824175824175806,1.0742676757812502e-06
-0.0874358974358973,3.8574680175781206e-06
-0.08663003663003654,-3.7597118652343794e-06
-0.08582417582417579,-2.2460415039062482e-06
-0.08501831501831503,-2.441353808593746e-06
-0.08421245421245405,1.806688818359376e-06
-0.08340659340659329,4.883307617187497e-07
-0.08260073260073253,7.812992187500001e-07
-0.08179487179487177,-3.4179153320312492e-06
-0.08098901098901101,-7.811992187500038e-07
-0.08018315018315003,1.464892285156253e-06
-0.07937728937728927,1.1719238281249956e-06
-0.07857142857142851,-5.85886914062506e-07
-0.07776556776556776,-2.734322265625003e-06
-0.07695970695970678,-1.5136203613281296e-06
-0.07615384615384602,2.2461415039062442e-06
-0.07534798534798526,1.5137203613281258e-06
-0.0745421245421245,-1.9042449707031252e-06
-0.07373626373626374,-2.3436976562500006e-06
-0.07293040293040276,-1.0253395996093743e-06
-0.072124542124542,1.0742676757812502e-06
-0.07131868131868124,1.7090326660156235e-06
-0.07051282051282048,-7.811992187500038e-07
-0.06970695970695973,-3.5643995605468743e-06
-0.06890109890109875,3.662155712890623e-06
-0.06809523809523799,2.7344222656249996e-06
-0.06728937728937723,1.5625484374999984e-06
-0.06648351648351647,-3.5643995605468743e-06
-0.06567765567765549,-6.347149902343716e-07
-0.06487179487179473,1.465342285156197e-07
-0.06406593406593397,2.7344222656249996e-06
-0.06326007326007321,7.812992187500001e-07
-0.062454212454212454,3.906746093749973e-07
-0.061648351648351474,-1.1718238281249994e-06
-0.060842490842490715,7.812992187500001e-07
-0.06003663003662996,2.0508291992187463e-06
-0.0592307692307692,1.7578607421874963e-06
-0.05842490842490844,-4.833929541015628e-06
-0.05761904761904746,-1.269479980468752e-06
-0.0568131868131867,2.1973134277343786e-06
-0.05600732600732594,3.710983789062496e-06
-0.05520146520146518,-1.2206519042968722e-06
-0.0543956043956042,-3.417465332031284e-07
-0.053589743589743444,-1.6601045898437547e-06
-0.052783882783882685,1.0742676757812502e-06
-0.05197802197802193,1.4160642089843733e-06
-0.05117216117216117,5.0000000001659824e-11
-0.05036630036630019,-3.027290722656254e-06
-0.04956043956043943,-4.3940268554688087e-07
-0.04875457875457867,3.7598118652343754e-06
-0.04794871794871791,1.2695799804687481e-06
-0.04714285714285715,-2.929184570312486e-07
-0.04633699633699617,-2.441353808593746e-06
-0.045531135531135414,-2.440903808593759e-07
-0.044725274725274655,1.2695799804687481e-06
-0.0439194139194139,1.9043449707031214e-06
-0.043113553113552916,-1.074167675781254e-06
-0.04230769230769216,-1.611276513671875e-06
-0.0415018315018314,-8.788553710937491e-07
-0.04069597069597064,3.173874951171875e-06
-0.03989010989010988,2.148485351562499e-06
-0.0390842490842489,-5.85886914062506e-07
-0.03827838827838814,-4.247992626953127e-06
-0.037472527472527384,4.394576855468749e-06
-0.036666666666666625,2.6367661132812472e-06
-0.03586080586080587,2.2461415039062442e-06
-0.035054945054944886,-1.953073046874998e-06
-0.03424908424908413,-2.440903808593759e-07
-0.03344322344322337,-1.1718238281249994e-06
-0.03263736263736261,3.369187255859373e-06
-0.03183150183150185,1.3672361328124935e-06
-0.03102564102564087,1.465342285156197e-07
-0.030219780219780112,-1.1718238281249994e-06
-0.029413919413919354,8.301272949218728e-07
-0.028608058608058595,3.173874951171875e-06
-0.027802197802197615,2.343797656249997e-06
-0.026996336996336856,-4.247992626953127e-06
-0.026190476190476097,-1.1229957519531268e-06
-0.02538461538461534,3.0762187988281226e-06
-0.02457875457875458,3.8086399414062482e-06
-0.0237728937728936,6.836430664062475e-07
-0.02296703296703284,1.6113765136718712e-06
-0.022161172161172082,-1.2206519042968722e-06
-0.021355311355311324,8.301272949218728e-07
-0.020549450549450565,3.466843408203125e-06
-0.019743589743589585,-1.7577607421875e-06
-0.018937728937728826,-2.3436976562500006e-06
-0.018131868131868067,-9.765115234375017e-07
-0.01732600732600731,4.882857617187504e-06
-0.016520146520146328,1.8555168945312486e-06
-0.01571428571428557,9.770615234374701e-08
-0.014908424908424811,-2.3436976562500006e-06
-0.014102564102564052,5.371588378906224e-07
-0.013296703296703294,4.3950268554687707e-07
-0.012490842490842313,1.4160642089843733e-06
-0.011684981684981555,4.887807617187434e-08
-0.010879120879120796,-9.27683447265629e-07
-0.010073260073260037,-9.27683447265629e-07
-0.009267399267399279,5.761762988281248e-06
-0.008461538461538298,2.6367661132812472e-06
-0.00765567765567754,-1.1229957519531268e-06
-0.006849816849816781,-3.1737749511718718e-06
-0.0060439560439560225,3.4180153320312524e-06
-0.005238095238095042,2.002001123046874e-06
-0.004432234432234283,3.2715311035156273e-06
-0.0036263736263735247,-6.347149902343716e-07
-0.002820512820512766,-4.8778076171878125e-08
-0.0020146520146520075,-3.905746093750011e-07
-0.0012087912087910269,4.248092626953124e-06
