# Params: min_volt -0.1 max_volt 0.1 start_volt 0.0 scan_rate 0.05 direction up num_cycles 2
Stimulation voltage (V),Measured current(A)
0.00040293040293026827,0.0024269994761230472
0.0012087912087910269,7.32371142578124e-07
0.0020146520146520075,8.788553710937491e-07
0.002820512820512766,9.765115234375017e-07
0.0036263736263735247,9.765115234375017e-07
0.004432234432234283,1.074167675781254e-06
0.005238095238095042,9.765115234375017e-07
0.0060439560439560225,1.0253395996093743e-06
0.006849816849816781,1.074167675781254e-06
0.00765567765567754,1.1229957519531268e-06
0.008461538461538298,1.1229957519531268e-06
0.009267399267399279,1.074167675781254e-06
0.010073260073260037,1.1229957519531268e-06
0.010879120879120796,1.1718238281249994e-06
0.011684981684981555,1.269479980468752e-06
0.012490842490842313,1.2206519042968722e-06
0.013296703296703294,1.2206519042968722e-06
0.014102564102564052,1.269479980468752e-06
0.014908424908424811,1.3671361328124973e-06
0.01571428571428557,1.3671361328124973e-06
0.016520146520146328,1.269479980468752e-06
0.01732600732600731,1.3183080566406317e-06
0.018131868131868067,1.415964208984377e-06
0.018937728937728826,1.4647922851562498e-06
0.019743589743589585,1.4647922851562498e-06
0.020549450549450565,1.415964208984377e-06
0.021355311355311324,1.5136203613281296e-06
0.022161172161172082,1.5136203613281296e-06
0.02296703296703284,1.5624484375000022e-06
0.0237728937728936,1.611276513671875e-06
0.02457875457875458,1.5624484375000022e-06
0.02538461538461534,1.5624484375000022e-06
0.026190476190476097,1.6601045898437547e-06
0.026996336996336856,1.7577607421875e-06
0.027802197802197615,1.8065888183593799e-06
0.028608058608058595,1.6601045898437547e-06
0.029413919413919354,1.6601045898437547e-06
0.030219780219780112,1.7577607421875e-06
0.03102564102564087,1.8065888183593799e-06
0.03183150183150185,1.8065888183593799e-06
0.03263736263736261,1.8065888183593799e-06
0.03344322344322337,1.8065888183593799e-06
0.03424908424908413,1.9042449707031252e-06
0.035054945054944886,1.953073046874998e-06
0.03586080586080587,1.9042449707031252e-06
0.036666666666666625,1.9042449707031252e-06
0.037472527472527384,1.953073046874998e-06
0.03827838827838814,1.953073046874998e-06
0.0390842490842489,2.0507291992187575e-06
0.03989010989010988,2.0507291992187575e-06
0.04069597069597064,2.0019011230468776e-06
0.0415018315018314,2.0507291992187575e-06
0.04230769230769216,2.1483853515625027e-06
0.043113553113552916,2.1972134277343755e-06
0.0439194139194139,2.1483853515625027e-06
0.044725274725274655,2.1483853515625027e-06
0.045531135531135414,2.1483853515625027e-06
0.04633699633699617,2.294869580078128e-06
0.04714285714285715,2.294869580078128e-06
0.04794871794871791,2.294869580078128e-06
0.04875457875457867,2.2460415039062482e-06
0.04956043956043943,2.1972134277343755e-06
0.05036630036630019,2.3925257324218806e-06
0.05117216117216117,2.441353808593746e-06
0.05197802197802193,2.3925257324218806e-06
0.052783882783882685,2.3925257324218806e-06
0.053589743589743444,2.4901818847656257e-06
0.0543956043956042,2.5390099609375057e-06
0.05520146520146518,2.587838037109378e-06
0.05600732600732594,2.587838037109378e-06
0.0568131868131867,2.4901818847656257e-06
0.05761904761904746,2.587838037109378e-06
0.05842490842490844,2.636666113281251e-06
0.0592307692307692,2.636666113281251e-06
0.06003663003662996,2.587838037109378e-06
0.060842490842490715,2.636666113281251e-06
0.061648351648351474,2.6854941894531236e-06
0.062454212454212454,2.783150341796876e-06
0.06326007326007321,2.783150341796876e-06
0.06406593406593397,2.734322265625003e-06
0.06487179487179473,2.734322265625003e-06
0.06567765567765549,2.8319784179687487e-06
0.06648351648351647,2.8808064941406283e-06
0.06728937728937723,2.8319784179687487e-06
0.06809523809523799,2.8808064941406283e-06
0.06890109890109875,2.8319784179687487e-06
0.06970695970695973,2.978462646484374e-06
0.07051282051282048,2.978462646484374e-06
0.07131868131868124,2.978462646484374e-06
0.072124542124542,2.978462646484374e-06
0.07293040293040276,2.978462646484374e-06
0.07373626373626374,3.076118798828126e-06
0.0745421245421245,3.1737749511718718e-06
0.07534798534798526,3.124946875000006e-06
0.07615384615384602,3.076118798828126e-06
0.07695970695970678,3.124946875000006e-06
0.07776556776556776,3.2714311035156313e-06
0.07857142857142851,3.2226030273437513e-06
0.07937728937728927,3.2714311035156313e-06
0.08018315018315003,3.2226030273437513e-06
0.08098901098901101,3.2714311035156313e-06
0.08179487179487177,3.3690872558593764e-06
0.08260073260073253,3.4179153320312492e-06
0.08340659340659329,3.3690872558593764e-06
0.08421245421245405,3.4179153320312492e-06
0.08501831501831503,3.4179153320312492e-06
0.08582417582417579,3.466743408203129e-06
0.08663003663003654,3.5155714843750016e-06
0.0874358974358973,3.466743408203129e-06
0.08824175824175806,3.466743408203129e-06
0.08904761904761904,3.5643995605468743e-06
0.0898534798534798,3.6132276367187543e-06
0.09065934065934056,3.6132276367187543e-06
0.09146520146520132,3.5643995605468743e-06
0.09227106227106208,3.6132276367187543e-06
0.09307692307692306,3.6620557128906267e-06
0.09388278388278382,3.7108837890624995e-06
0.09468864468864457,3.7108837890624995e-06
0.09549450549450533,3.6620557128906267e-06
0.09630036630036631,3.7108837890624995e-06
0.09710622710622707,3.808539941406252e-06
0.09791208791208783,3.857368017578125e-06
0.09871794871794859,3.808539941406252e-06
0.09952380952380935,3.857368017578125e-06
0.10032967032967033,3.857368017578125e-06
0.09952380952380935,3.906196093749997e-06
0.09871794871794859,3.955024169921877e-06
0.09791208791208783,3.906196093749997e-06
0.09710622710622707,3.857368017578125e-06
0.09630036630036631,3.857368017578125e-06
0.09549450549450533,3.857368017578125e-06
0.09468864468864457,3.857368017578125e-06
0.09388278388278382,3.7597118652343794e-06
0.09307692307692306,3.7108837890624995e-06
0.09227106227106208,3.7597118652343794e-06
0.09146520146520132,3.7597118652343794e-06
0.09065934065934056,3.7108837890624995e-06
0.0898534798534798,3.6620557128906267e-06
0.08904761904761904,3.6132276367187543e-06
0.08824175824175806,3.5155714843750016e-06
0.0874358974358973,3.6132276367187543e-06
0.08663003663003654,3.6132276367187543e-06
0.08582417582417579,3.5155714843750016e-06
0.08501831501831503,3.466743408203129e-06
0.08421245421245405,3.5155714843750016e-06
0.08340659340659329,3.5155714843750016e-06
0.08260073260073253,3.5155714843750016e-06
0.08179487179487177,3.3690872558593764e-06
0.08098901098901101,3.3690872558593764e-06
0.08018315018315003,3.3690872558593764e-06
0.07937728937728927,3.3690872558593764e-06
0.07857142857142851,3.3690872558593764e-06
0.07776556776556776,3.2714311035156313e-06
0.07695970695970678,3.1737749511718718e-06
0.07615384615384602,3.2714311035156313e-06
0.07534798534798526,3.2714311035156313e-06
0.0745421245421245,3.2226030273437513e-06
0.07373626373626374,3.076118798828126e-06
0.07293040293040276,3.124946875000006e-06
0.072124542124542,3.124946875000006e-06
0.07131868131868124,3.1737749511718718e-06
0.07051282051282048,3.076118798828126e-06
0.06970695970695973,3.076118798828126e-06
0.06890109890109875,2.978462646484374e-06
0.06809523809523799,3.027290722656254e-06
0.06728937728937723,3.027290722656254e-06
0.06648351648351647,2.929634570312501e-06
0.06567765567765549,2.8319784179687487e-06
0.06487179487179473,2.8808064941406283e-06
0.06406593406593397,2.929634570312501e-06
0.06326007326007321,2.8808064941406283e-06
0.062454212454212454,2.783150341796876e-06
0.061648351648351474,2.734322265625003e-06
0.060842490842490715,2.734322265625003e-06
0.06003663003662996,2.783150341796876e-06
0.0592307692307692,2.734322265625003e-06
0.05842490842490844,2.6854941894531236e-06
0.05761904761904746,2.636666113281251e-06
0.0568131868131867,2.587838037109378e-06
0.05600732600732594,2.6854941894531236e-06
0.05520146520146518,2.636666113281251e-06
0.0543956043956042,2.5390099609375057e-06
0.053589743589743444,2.4901818847656257e-06
0.052783882783882685,2.4901818847656257e-06
0.05197802197802193,2.587838037109378e-06
0.05117216117216117,2.4901818847656257e-06
0.05036630036630019,2.3925257324218806e-06
0.04956043956043943,2.3925257324218806e-06
0.04875457875457867,2.3925257324218806e-06
0.04794871794871791,2.441353808593746e-06
0.04714285714285715,2.3925257324218806e-06
0.04633699633699617,2.294869580078128e-06
0.045531135531135414,2.2460415039062482e-06
0.044725274725274655,2.294869580078128e-06
0.0439194139194139,2.294869580078128e-06
0.043113553113552916,2.294869580078128e-06
0.04230769230769216,2.1972134277343755e-06
0.0415018315018314,2.1972134277343755e-06
0.04069597069597064,2.099557275390623e-06
0.03989010989010988,2.1972134277343755e-06
0.0390842490842489,2.1483853515625027e-06
0.03827838827838814,2.0507291992187575e-06
0.037472527472527384,2.0019011230468776e-06
0.036666666666666625,2.099557275390623e-06
0.03586080586080587,2.099557275390623e-06
0.035054945054944886,2.0019011230468776e-06
0.03424908424908413,1.953073046874998e-06
0.03344322344322337,1.9042449707031252e-06
0.03263736263736261,1.953073046874998e-06
0.03183150183150185,1.9042449707031252e-06
0.03102564102564087,1.9042449707031252e-06
0.030219780219780112,1.8065888183593799e-06
0.029413919413919354,1.7089326660156203e-06
0.028608058608058595,1.8065888183593799e-06
0.027802197802197615,1.8554168945312524e-06
0.026996336996336856,1.7577607421875e-06
0.026190476190476097,1.6601045898437547e-06
0.02538461538461534,1.6601045898437547e-06
0.02457875457875458,1.7089326660156203e-06
0.0237728937728936,1.6601045898437547e-06
0.02296703296703284,1.5624484375000022e-06
0.022161172161172082,1.5624484375000022e-06
0.021355311355311324,1.5624484375000022e-06
0.020549450549450565,1.611276513671875e-06
0.019743589743589585,1.5624484375000022e-06
0.018937728937728826,1.5136203613281296e-06
0.018131868131868067,1.5136203613281296e-06
0.01732600732600731,1.4647922851562498e-06
0.016520146520146328,1.5136203613281296e-06
0.01571428571428557,1.4647922851562498e-06
0.014908424908424811,1.3671361328124973e-06
0.014102564102564052,1.3183080566406317e-06
0.013296703296703294,1.3183080566406317e-06
0.012490842490842313,1.415964208984377e-06
0.011684981684981555,1.3671361328124973e-06
0.010879120879120796,1.2206519042968722e-06
0.010073260073260037,1.2206519042968722e-06
0.009267399267399279,1.2206519042968722e-06
0.008461538461538298,1.269479980468752e-06
0.00765567765567754,1.2206519042968722e-06
0.006849816849816781,1.074167675781254e-06
0.0060439560439560225,1.1229957519531268e-06
0.005238095238095042,1.1229957519531268e-06
0.004432234432234283,1.1229957519531268e-06
0.0036263736263735247,1.1229957519531268e-06
0.002820512820512766,1.0253395996093743e-06
0.0020146520146520075,9.765115234375017e-07
0.0012087912087910269,9.765115234375017e-07
0.00040293040293026827,1.0253395996093743e-06
-0.0004029304029304903,9.27683447265629e-07
-0.001208791208791249,8.788553710937491e-07
-0.0020146520146520075,8.300272949218765e-07
-0.002820512820512988,8.300272949218765e-07
-0.0036263736263737467,8.788553710937491e-07
-0.004432234432234505,7.811992187500038e-07
-0.005238095238095264,7.32371142578124e-07
-0.0060439560439560225,7.32371142578124e-07
-0.006849816849817003,7.811992187500038e-07
-0.007655677655677762,7.32371142578124e-07
-0.00846153846153852,6.347149902343716e-07
-0.009267399267399279,6.347149902343716e-07
-0.01007326007326026,6.347149902343716e-07
-0.010879120879121018,6.835430664062513e-07
-0.011684981684981777,6.347149902343716e-07
-0.012490842490842535,5.370588378906262e-07
-0.013296703296703294,4.882307617187465e-07
-0.014102564102564275,5.370588378906262e-07
-0.014908424908425033,5.370588378906262e-07
-0.01571428571428579,5.370588378906262e-07
-0.01652014652014655,5.370588378906262e-07
-0.01732600732600731,3.905746093750011e-07
-0.01813186813186829,4.3940268554688087e-07
-0.018937728937729048,3.905746093750011e-07
-0.019743589743589807,3.905746093750011e-07
-0.020549450549450565,2.440903808593759e-07
-0.021355311355311546,2.440903808593759e-07
-0.022161172161172304,2.929184570312486e-07
-0.022967032967033063,2.929184570312486e-07
-0.02377289377289382,2.929184570312486e-07
-0.02457875457875458,1.4643422851562348e-07
-0.02538461538461556,1.4643422851562348e-07
-0.02619047619047632,1.9526230468750327e-07
-0.026996336996337078,1.9526230468750327e-07
-0.027802197802197837,9.76061523437508e-08
-0.028608058608058595,9.76061523437508e-08
-0.029413919413919576,-5.0000000001659824e-11
-0.030219780219780334,9.76061523437508e-08
-0.031025641025641093,4.8778076171878125e-08
-0.03183150183150185,-5.0000000001659824e-11
-0.03263736263736283,-9.770615234374701e-08
-0.03344322344322359,-9.770615234374701e-08
-0.03424908424908435,-4.887807617187434e-08
-0.03505494505494511,-4.887807617187434e-08
-0.03586080586080587,-9.770615234374701e-08
-0.03666666666666685,-1.9536230468749947e-07
-0.037472527472527606,-1.465342285156197e-07
-0.038278388278388364,-1.465342285156197e-07
-0.03908424908424912,-1.9536230468749947e-07
-0.03989010989010988,-2.4419038085937927e-07
-0.04069597069597086,-2.9301845703124485e-07
-0.04150183150183162,-2.4419038085937927e-07
-0.04230769230769238,-2.4419038085937927e-07
-0.04311355311355314,-2.9301845703124485e-07
-0.0439194139194139,-3.418465332031246e-07
-0.04472527472527488,-3.418465332031246e-07
-0.045531135531135636,-3.906746093749973e-07
-0.046336996336996394,-3.906746093749973e-07
-0.04714285714285715,-3.906746093749973e-07
-0.047948717948718134,-4.883307617187497e-07
-0.04875457875457889,-4.883307617187497e-07
-0.04956043956043965,-5.371588378906224e-07
-0.05036630036630041,-4.883307617187497e-07
-0.05117216117216117,-4.3950268554687707e-07
-0.05197802197802215,-6.348149902343678e-07
-0.05278388278388291,-6.836430664062475e-07
-0.053589743589743666,-6.348149902343678e-07
-0.054395604395604424,-5.859869140625022e-07
-0.05520146520146518,-7.324711425781274e-07
-0.056007326007326164,-7.812992187500001e-07
-0.05681318681318692,-7.812992187500001e-07
-0.05761904761904768,-7.324711425781274e-07
-0.05842490842490844,-7.324711425781274e-07
-0.05923076923076942,-8.301272949218728e-07
-0.06003663003663018,-8.789553710937454e-07
-0.06084249084249094,-8.789553710937454e-07
-0.061648351648351696,-8.301272949218728e-07
-0.062454212454212454,-8.301272949218728e-07
-0.06326007326007344,-9.277834472656252e-07
-0.0640659340659342,-9.766115234374979e-07
-0.06487179487179495,-1.0254395996093705e-06
-0.06567765567765571,-9.766115234374979e-07
-0.06648351648351647,-1.0742676757812502e-06
-0.06728937728937745,-1.0742676757812502e-06
-0.06809523809523821,-1.1719238281249956e-06
-0.06890109890109897,-1.123095751953123e-06
-0.06970695970695973,-1.0742676757812502e-06
-0.0705128205128207,-1.123095751953123e-06
-0.07131868131868146,-1.1719238281249956e-06
-0.07212454212454222,-1.2207519042968756e-06
-0.07293040293040298,-1.2207519042968756e-06
-0.07373626373626374,-1.1719238281249956e-06
-0.07454212454212472,-1.2207519042968756e-06
-0.07534798534798548,-1.2695799804687481e-06
-0.07615384615384624,-1.3672361328124935e-06
-0.076959706959707,-1.3672361328124935e-06
-0.07776556776556776,-1.318408056640628e-06
-0.07857142857142874,-1.3672361328124935e-06
-0.0793772893772895,-1.464892285156253e-06
-0.08018315018315025,-1.464892285156253e-06
-0.08098901098901101,-1.4160642089843733e-06
-0.08179487179487199,-1.464892285156253e-06
-0.08260073260073275,-1.464892285156253e-06
-0.08340659340659351,-1.5625484374999984e-06
-0.08421245421245427,-1.6113765136718712e-06
-0.08501831501831503,-1.5625484374999984e-06
-0.08582417582417601,-1.6113765136718712e-06
-0.08663003663003677,-1.6113765136718712e-06
-0.08743589743589752,-1.660204589843751e-06
-0.08824175824175828,-1.7090326660156235e-06
-0.08904761904761904,-1.660204589843751e-06
-0.08985347985348002,-1.7090326660156235e-06
-0.09065934065934078,-1.7578607421874963e-06
-0.09146520146520154,-1.806688818359376e-06
-0.0922710622710623,-1.8555168945312486e-06
-0.09307692307692306,-1.806688818359376e-06
-0.09388278388278404,-1.7578607421874963e-06
-0.0946886446886448,-1.8555168945312486e-06
-0.09549450549450555,-1.953173046875001e-06
-0.09630036630036631,-1.953173046875001e-06
-0.0971062271062273,-1.8555168945312486e-06
-0.09791208791208805,-1.9043449707031214e-06
-0.09871794871794881,-2.002001123046874e-06
-0.09952380952380957,-2.0508291992187463e-06
-0.10032967032967033,-2.002001123046874e-06
-0.09952380952380957,-1.9043449707031214e-06
-0.09871794871794881,-2.002001123046874e-06
-0.09791208791208805,-2.0508291992187463e-06
-0.0971062271062273,-2.0508291992187463e-06
-0.09630036630036631,-2.0508291992187463e-06
-0.09549450549450555,-1.9043449707031214e-06
-0.0946886446886448,-1.9043449707031214e-06
-0.09388278388278404,-1.9043449707031214e-06
-0.09307692307692306,-2.002001123046874e-06
-0.0922710622710623,-1.8555168945312486e-06
-0.09146520146520154,-1.806688818359376e-06
-0.09065934065934078,-1.660204589843751e-06
-0.08985347985348002,-1.8555168945312486e-06
-0.08904761904761904,-1.8555168945312486e-06
-0.08824175824175828,-1.7578607421874963e-06
-0.08743589743589752,-1.660204589843751e-06
-0.08663003663003677,-1.660204589843751e-06
-0.08582417582417601,-1.7090326660156235e-06
-0.08501831501831503,-1.7090326660156235e-06
-0.08421245421245427,-1.660204589843751e-06
-0.08340659340659351,-1.5625484374999984e-06
-0.08260073260073275,-1.5625484374999984e-06
-0.08179487179487199,-1.6113765136718712e-06
-0.08098901098901101,-1.5625484374999984e-06
-0.08018315018315025,-1.5625484374999984e-06
-0.0793772893772895,-1.464892285156253e-06
-0.07857142857142874,-1.464892285156253e-06
-0.07776556776556776,-1.464892285156253e-06
-0.076959706959707,-1.464892285156253e-06
-0.07615384615384624,-1.3672361328124935e-06
-0.07534798534798548,-1.318408056640628e-06
-0.07454212454212472,-1.3672361328124935e-06
-0.07373626373626374,-1.3672361328124935e-06
-0.07293040293040298,-1.3672361328124935e-06
-0.07212454212454222,-1.2695799804687481e-06
-0.07131868131868146,-1.318408056640628e-06
-0.0705128205128207,-1.2695799804687481e-06
-0.06970695970695973,-1.2695799804687481e-06
-0.06890109890109897,-1.2207519042968756e-06
-0.06809523809523821,-1.123095751953123e-06
-0.06728937728937745,-1.123095751953123e-06
-0.06648351648351647,-1.123095751953123e-06
-0.06567765567765571,-1.123095751953123e-06
-0.06487179487179495,-1.0254395996093705e-06
-0.0640659340659342,-9.766115234374979e-07
-0.06326007326007344,-9.277834472656252e-07
-0.062454212454212454,-1.0254395996093705e-06
-0.061648351648351696,-1.0254395996093705e-06
-0.06084249084249094,-9.277834472656252e-07
-0.06003663003663018,-9.277834472656252e-07
-0.05923076923076942,-8.301272949218728e-07
-0.05842490842490844,-9.277834472656252e-07
-0.05761904761904768,-8.789553710937454e-07
-0.05681318681318692,-8.301272949218728e-07
-0.056007326007326164,-7.812992187500001e-07
-0.05520146520146518,-7.324711425781274e-07
-0.054395604395604424,-7.812992187500001e-07
-0.053589743589743666,-7.812992187500001e-07
-0.05278388278388291,-7.324711425781274e-07
-0.05197802197802215,-6.348149902343678e-07
-0.05117216117216117,-6.348149902343678e-07
-0.05036630036630041,-6.348149902343678e-07
-0.04956043956043965,-6.348149902343678e-07
-0.04875457875457889,-5.859869140625022e-07
-0.047948717948718134,-5.371588378906224e-07
-0.04714285714285715,-5.371588378906224e-07
-0.046336996336996394,-5.371588378906224e-07
-0.045531135531135636,-5.859869140625022e-07
-0.04472527472527488,-4.3950268554687707e-07
-0.0439194139194139,-3.906746093749973e-07
-0.04311355311355314,-4.3950268554687707e-07
-0.04230769230769238,-3.906746093749973e-07
-0.04150183150183162,-3.906746093749973e-07
-0.04069597069597086,-2.9301845703124485e-07
-0.03989010989010988,-2.9301845703124485e-07
-0.03908424908424912,-2.4419038085937927e-07
-0.038278388278388364,-3.418465332031246e-07
-0.037472527472527606,-2.9301845703124485e-07
-0.03666666666666685,-2.4419038085937927e-07
-0.03586080586080587,-1.9536230468749947e-07
-0.03505494505494511,-1.9536230468749947e-07
-0.03424908424908435,-1.9536230468749947e-07
-0.03344322344322359,-1.9536230468749947e-07
-0.03263736263736283,-4.887807617187434e-08
-0.03183150183150185,-4.887807617187434e-08
-0.031025641025641093,-9.770615234374701e-08
-0.030219780219780334,-4.887807617187434e-08
-0.029413919413919576,-5.0000000001659824e-11
-0.028608058608058595,4.8778076171878125e-08
-0.027802197802197837,4.8778076171878125e-08
-0.026996336996337078,4.8778076171878125e-08
-0.02619047619047632,9.76061523437508e-08
-0.02538461538461556,1.9526230468750327e-07
-0.02457875457875458,1.4643422851562348e-07
-0.02377289377289382,9.76061523437508e-08
-0.022967032967033063,1.4643422851562348e-07
-0.022161172161172304,1.4643422851562348e-07
-0.021355311355311546,1.9526230468750327e-07
-0.020549450549450565,2.929184570312486e-07
-0.019743589743589807,2.929184570312486e-07
-0.018937728937729048,2.440903808593759e-07
-0.01813186813186829,2.440903808593759e-07
-0.01732600732600731,3.417465332031284e-07
-0.01652014652014655,3.905746093750011e-07
-0.01571428571428579,3.417465332031284e-07
-0.014908424908425033,3.417465332031284e-07
-0.014102564102564275,3.905746093750011e-07
-0.013296703296703294,4.882307617187465e-07
-0.012490842490842535,3.905746093750011e-07
-0.011684981684981777,4.882307617187465e-07
-0.010879120879121018,4.882307617187465e-07
-0.01007326007326026,5.370588378906262e-07
-0.009267399267399279,5.85886914062506e-07
-0.00846153846153852,6.835430664062513e-07
-0.007655677655677762,5.85886914062506e-07
-0.006849816849817003,5.85886914062506e-07
-0.0060439560439560225,5.85886914062506e-07
-0.005238095238095264,7.32371142578124e-07
-0.004432234432234505,7.32371142578124e-07
-0.0036263736263737467,7.32371142578124e-07
-0.002820512820512988,7.32371142578124e-07
-0.0020146520146520075,7.32371142578124e-07
-0.001208791208791249,8.788553710937491e-07
-0.0004029304029304903,8.788553710937491e-07
0.00040293040293026827,8.300272949218765e-07
0.0012087912087910269,7.811992187500038e-07
0.0020146520146520075,9.27683447265629e-07
0.002820512820512766,9.765115234375017e-07
0.0036263736263735247,9.765115234375017e-07
0.004432234432234283,9.765115234375017e-07
0.005238095238095042,9.765115234375017e-07
0.0060439560439560225,1.0253395996093743e-06
0.006849816849816781,1.1229957519531268e-06
0.00765567765567754,1.1229957519531268e-06
0.008461538461538298,1.074167675781254e-06
0.009267399267399279,1.2206519042968722e-06
0.010073260073260037,1.1718238281249994e-06
0.010879120879120796,1.269479980468752e-06
0.011684981684981555,1.2206519042968722e-06
0.012490842490842313,1.1229957519531268e-06
0.013296703296703294,1.1718238281249994e-06
0.014102564102564052,1.269479980468752e-06
0.014908424908424811,1.3183080566406317e-06
0.01571428571428557,1.269479980468752e-06
0.016520146520146328,1.3183080566406317e-06
0.01732600732600731,1.3183080566406317e-06
0.018131868131868067,1.4647922851562498e-06
0.018937728937728826,1.4647922851562498e-06
0.019743589743589585,1.415964208984377e-06
0.020549450549450565,1.415964208984377e-06
0.021355311355311324,1.4647922851562498e-06
0.022161172161172082,1.5624484375000022e-06
0.02296703296703284,1.611276513671875e-06
0.0237728937728936,1.611276513671875e-06
0.02457875457875458,1.5136203613281296e-06
0.02538461538461534,1.5624484375000022e-06
0.026190476190476097,1.6601045898437547e-06
0.026996336996336856,1.6601045898437547e-06
0.027802197802197615,1.6601045898437547e-06
0.028608058608058595,1.611276513671875e-06
0.029413919413919354,1.7089326660156203e-06
0.030219780219780112,1.8065888183593799e-06
0.03102564102564087,1.8554168945312524e-06
0.03183150183150185,1.8065888183593799e-06
0.03263736263736261,1.8065888183593799e-06
0.03344322344322337,1.8554168945312524e-06
0.03424908424908413,1.9042449707031252e-06
0.035054945054944886,1.953073046874998e-06
0.03586080586080587,1.8554168945312524e-06
0.036666666666666625,1.953073046874998e-06
0.037472527472527384,1.9042449707031252e-06
0.03827838827838814,2.0507291992187575e-06
0.0390842490842489,2.099557275390623e-06
0.03989010989010988,2.0019011230468776e-06
0.04069597069597064,2.0019011230468776e-06
0.0415018315018314,2.099557275390623e-06
0.04230769230769216,2.1972134277343755e-06
0.043113553113552916,2.1483853515625027e-06
0.0439194139194139,2.1972134277343755e-06
0.044725274725274655,2.1483853515625027e-06
0.045531135531135414,2.2460415039062482e-06
0.04633699633699617,2.294869580078128e-06
0.04714285714285715,2.2460415039062482e-06
0.04794871794871791,2.2460415039062482e-06
0.04875457875457867,2.2460415039062482e-06
0.04956043956043943,2.3925257324218806e-06
0.05036630036630019,2.3436976562500006e-06
0.05117216117216117,2.3925257324218806e-06
0.05197802197802193,2.3436976562500006e-06
0.052783882783882685,2.3925257324218806e-06
0.053589743589743444,2.4901818847656257e-06
0.0543956043956042,2.5390099609375057e-06
0.05520146520146518,2.4901818847656257e-06
0.05600732600732594,2.4901818847656257e-06
0.0568131868131867,2.5390099609375057e-06
0.05761904761904746,2.587838037109378e-06
0.05842490842490844,2.636666113281251e-06
0.0592307692307692,2.5390099609375057e-06
0.06003663003662996,2.587838037109378e-06
0.060842490842490715,2.636666113281251e-06
0.061648351648351474,2.8319784179687487e-06
0.062454212454212454,2.783150341796876e-06
0.06326007326007321,2.6854941894531236e-06
0.06406593406593397,2.6854941894531236e-06
0.06487179487179473,2.783150341796876e-06
0.06567765567765549,2.8808064941406283e-06
0.06648351648351647,2.8808064941406283e-06
0.06728937728937723,2.8319784179687487e-06
0.06809523809523799,2.8808064941406283e-06
0.06890109890109875,2.929634570312501e-06
0.06970695970695973,2.978462646484374e-06
0.07051282051282048,2.978462646484374e-06
0.07131868131868124,2.978462646484374e-06
0.072124542124542,2.929634570312501e-06
0.07293040293040276,3.027290722656254e-06
0.07373626373626374,3.124946875000006e-06
0.0745421245421245,3.124946875000006e-06
0.07534798534798526,3.076118798828126e-06
0.07615384615384602,3.124946875000006e-06
0.07695970695970678,3.2226030273437513e-06
0.07776556776556776,3.2226030273437513e-06
0.07857142857142851,3.2226030273437513e-06
0.07937728937728927,3.2226030273437513e-06
0.08018315018315003,3.2226030273437513e-06
0.08098901098901101,3.320259179687497e-06
0.08179487179487177,3.3690872558593764e-06
0.08260073260073253,3.320259179687497e-06
0.08340659340659329,3.320259179687497e-06
0.08421245421245405,3.3690872558593764e-06
0.08501831501831503,3.4179153320312492e-06
0.08582417582417579,3.466743408203129e-06
0.08663003663003654,3.466743408203129e-06
0.0874358974358973,3.4179153320312492e-06
0.08824175824175806,3.5155714843750016e-06
0.08904761904761904,3.5643995605468743e-06
0.0898534798534798,3.6132276367187543e-06
0.09065934065934056,3.6132276367187543e-06
0.09146520146520132,3.5643995605468743e-06
0.09227106227106208,3.6132276367187543e-06
0.09307692307692306,3.7597118652343794e-06
0.09388278388278382,3.7597118652343794e-06
0.09468864468864457,3.7108837890624995e-06
0.09549450549450533,3.6620557128906267e-06
0.09630036630036631,3.7597118652343794e-06
0.09710622710622707,3.808539941406252e-06
0.09791208791208783,3.906196093749997e-06
0.09871794871794859,3.808539941406252e-06
0.09952380952380935,3.857368017578125e-06
0.10032967032967033,3.857368017578125e-06
0.09952380952380935,3.955024169921877e-06
0.09871794871794859,3.955024169921877e-06
0.09791208791208783,3.857368017578125e-06
0.09710622710622707,3.808539941406252e-06
0.09630036630036631,3.906196093749997e-06
0.09549450549450533,3.906196093749997e-06
0.09468864468864457,3.857368017578125e-06
0.09388278388278382,3.7108837890624995e-06
0.09307692307692306,3.7108837890624995e-06
0.09227106227106208,3.7597118652343794e-06
0.09146520146520132,3.7597118652343794e-06
0.09065934065934056,3.6620557128906267e-06
0.0898534798534798,3.6620557128906267e-06
0.08904761904761904,3.6132276367187543e-06
0.08824175824175806,3.6132276367187543e-06
0.0874358974358973,3.6132276367187543e-06
0.08663003663003654,3.5643995605468743e-06
0.08582417582417579,3.5155714843750016e-06
0.08501831501831503,3.5155714843750016e-06
0.08421245421245405,3.5155714843750016e-06
0.08340659340659329,3.5155714843750016e-06
0.08260073260073253,3.4179153320312492e-06
0.08179487179487177,3.3690872558593764e-06
0.08098901098901101,3.4179153320312492e-06
0.08018315018315003,3.4179153320312492e-06
0.07937728937728927,3.3690872558593764e-06
0.07857142857142851,3.2714311035156313e-06
0.07776556776556776,3.2226030273437513e-06
0.07695970695970678,3.2226030273437513e-06
0.07615384615384602,3.2714311035156313e-06
0.07534798534798526,3.2714311035156313e-06
0.0745421245421245,3.2226030273437513e-06
0.07373626373626374,3.124946875000006e-06
0.07293040293040276,3.124946875000006e-06
0.072124542124542,3.1737749511718718e-06
0.07131868131868124,3.124946875000006e-06
0.07051282051282048,3.027290722656254e-06
0.06970695970695973,3.027290722656254e-06
0.06890109890109875,3.027290722656254e-06
0.06809523809523799,3.076118798828126e-06
0.06728937728937723,3.076118798828126e-06
0.06648351648351647,2.929634570312501e-06
0.06567765567765549,2.8319784179687487e-06
0.06487179487179473,2.8808064941406283e-06
0.06406593406593397,2.929634570312501e-06
0.06326007326007321,2.8319784179687487e-06
0.062454212454212454,2.783150341796876e-06
0.061648351648351474,2.783150341796876e-06
0.060842490842490715,2.783150341796876e-06
0.06003663003662996,2.783150341796876e-06
0.0592307692307692,2.734322265625003e-06
0.05842490842490844,2.6854941894531236e-06
0.05761904761904746,2.587838037109378e-06
0.0568131868131867,2.6854941894531236e-06
0.05600732600732594,2.6854941894531236e-06
0.05520146520146518,2.587838037109378e-06
0.0543956043956042,2.5390099609375057e-06
0.053589743589743444,2.5390099609375057e-06
0.052783882783882685,2.5390099609375057e-06
0.05197802197802193,2.5390099609375057e-06
0.05117216117216117,2.441353808593746e-06
0.05036630036630019,2.3925257324218806e-06
0.04956043956043943,2.3925257324218806e-06
0.04875457875457867,2.441353808593746e-06
0.04794871794871791,2.3925257324218806e-06
0.04714285714285715,2.3436976562500006e-06
0.04633699633699617,2.294869580078128e-06
0.045531135531135414,2.294869580078128e-06
0.044725274725274655,2.3436976562500006e-06
0.0439194139194139,2.294869580078128e-06
0.043113553113552916,2.1972134277343755e-06
0.04230769230769216,2.1483853515625027e-06
0.0415018315018314,2.1483853515625027e-06
0.04069597069597064,2.1972134277343755e-06
0.03989010989010988,2.1483853515625027e-06
0.0390842490842489,2.0507291992187575e-06
0.03827838827838814,2.0507291992187575e-06
0.037472527472527384,2.099557275390623e-06
0.036666666666666625,2.0507291992187575e-06
0.03586080586080587,2.0507291992187575e-06
0.035054945054944886,1.953073046874998e-06
0.03424908424908413,1.9042449707031252e-06
0.03344322344322337,1.953073046874998e-06
0.03263736263736261,1.9042449707031252e-06
0.03183150183150185,1.953073046874998e-06
0.03102564102564087,1.8065888183593799e-06
0.030219780219780112,1.8065888183593799e-06
0.029413919413919354,1.8554168945312524e-06
0.028608058608058595,1.8065888183593799e-06
0.027802197802197615,1.7577607421875e-06
0.026996336996336856,1.7577607421875e-06
0.026190476190476097,1.7089326660156203e-06
0.02538461538461534,1.7577607421875e-06
0.02457875457875458,1.7089326660156203e-06
0.0237728937728936,1.6601045898437547e-06
0.02296703296703284,1.5624484375000022e-06
0.022161172161172082,1.5624484375000022e-06
0.021355311355311324,1.611276513671875e-06
0.020549450549450565,1.611276513671875e-06
0.019743589743589585,1.5136203613281296e-06
0.018937728937728826,1.4647922851562498e-06
0.018131868131868067,1.5136203613281296e-06
0.01732600732600731,1.5136203613281296e-06
0.016520146520146328,1.4647922851562498e-06
0.01571428571428557,1.4647922851562498e-06
0.014908424908424811,1.4647922851562498e-06
0.014102564102564052,1.3183080566406317e-06
0.013296703296703294,1.3671361328124973e-06
0.012490842490842313,1.3671361328124973e-06
0.011684981684981555,1.3183080566406317e-06
0.010879120879120796,1.2206519042968722e-06
0.010073260073260037,1.2206519042968722e-06
0.009267399267399279,1.269479980468752e-06
0.008461538461538298,1.3183080566406317e-06
0.00765567765567754,1.1229957519531268e-06
0.006849816849816781,1.074167675781254e-06
0.0060439560439560225,1.1229957519531268e-06
0.005238095238095042,1.1718238281249994e-06
0.004432234432234283,1.1229957519531268e-06
0.0036263736263735247,1.0253395996093743e-06
0.002820512820512766,1.0253395996093743e-06
0.0020146520146520075,1.0253395996093743e-06
0.0012087912087910269,1.0253395996093743e-06
0.00040293040293026827,1.0253395996093743e-06
-0.0004029304029304903,8.788553710937491e-07
-0.001208791208791249,8.788553710937491e-07
-0.0020146520146520075,8.300272949218765e-07
-0.002820512820512988,8.788553710937491e-07
-0.0036263736263737467,8.300272949218765e-07
-0.004432234432234505,7.811992187500038e-07
-0.005238095238095264,7.32371142578124e-07
-0.0060439560439560225,7.811992187500038e-07
-0.006849816849817003,7.811992187500038e-07
-0.007655677655677762,7.32371142578124e-07
-0.00846153846153852,6.835430664062513e-07
-0.009267399267399279,6.347149902343716e-07
-0.01007326007326026,6.835430664062513e-07
-0.010879120879121018,6.347149902343716e-07
-0.011684981684981777,5.85886914062506e-07
-0.012490842490842535,4.882307617187465e-07
-0.013296703296703294,5.370588378906262e-07
-0.014102564102564275,5.85886914062506e-07
-0.014908424908425033,5.370588378906262e-07
-0.01571428571428579,4.3940268554688087e-07
-0.01652014652014655,3.905746093750011e-07
-0.01732600732600731,4.3940268554688087e-07
-0.01813186813186829,4.3940268554688087e-07
-0.018937728937729048,4.3940268554688087e-07
-0.019743589743589807,3.905746093750011e-07
-0.020549450549450565,2.929184570312486e-07
-0.021355311355311546,3.417465332031284e-07
-0.022161172161172304,3.417465332031284e-07
-0.022967032967033063,2.929184570312486e-07
-0.02377289377289382,1.9526230468750327e-07
-0.02457875457875458,1.4643422851562348e-07
-0.02538461538461556,1.9526230468750327e-07
-0.02619047619047632,1.9526230468750327e-07
-0.026996336996337078,1.4643422851562348e-07
-0.027802197802197837,9.76061523437508e-08
-0.028608058608058595,9.76061523437508e-08
-0.029413919413919576,4.8778076171878125e-08
-0.030219780219780334,9.76061523437508e-08
-0.031025641025641093,4.8778076171878125e-08
-0.03183150183150185,-4.887807617187434e-08
-0.03263736263736283,-1.465342285156197e-07
-0.03344322344322359,-4.887807617187434e-08
-0.03424908424908435,-5.0000000001659824e-11
-0.03505494505494511,-9.770615234374701e-08
-0.03586080586080587,-1.9536230468749947e-07
-0.03666666666666685,-2.4419038085937927e-07
-0.037472527472527606,-1.465342285156197e-07
-0.038278388278388364,-1.465342285156197e-07
-0.03908424908424912,-1.9536230468749947e-07
-0.03989010989010988,-2.9301845703124485e-07
-0.04069597069597086,-2.9301845703124485e-07
-0.04150183150183162,-2.4419038085937927e-07
-0.04230769230769238,-2.4419038085937927e-07
-0.04311355311355314,-2.9301845703124485e-07
-0.0439194139194139,-3.906746093749973e-07
-0.04472527472527488,-3.906746093749973e-07
-0.045531135531135636,-3.418465332031246e-07
-0.046336996336996394,-3.418465332031246e-07
-0.04714285714285715,-4.3950268554687707e-07
-0.047948717948718134,-5.371588378906224e-07
-0.04875457875457889,-4.883307617187497e-07
-0.04956043956043965,-4.883307617187497e-07
-0.05036630036630041,-4.883307617187497e-07
-0.05117216117216117,-5.859869140625022e-07
-0.05197802197802215,-6.348149902343678e-07
-0.05278388278388291,-5.859869140625022e-07
-0.053589743589743666,-5.859869140625022e-07
-0.054395604395604424,-6.348149902343678e-07
-0.05520146520146518,-6.836430664062475e-07
-0.056007326007326164,-7.812992187500001e-07
-0.05681318681318692,-6.348149902343678e-07
-0.05761904761904768,-7.324711425781274e-07
-0.05842490842490844,-7.324711425781274e-07
-0.05923076923076942,-8.301272949218728e-07
-0.06003663003663018,-8.301272949218728e-07
-0.06084249084249094,-8.301272949218728e-07
-0.061648351648351696,-8.301272949218728e-07
-0.062454212454212454,-8.789553710937454e-07
-0.06326007326007344,-9.766115234374979e-07
-0.0640659340659342,-9.766115234374979e-07
-0.06487179487179495,-9.766115234374979e-07
-0.06567765567765571,-9.277834472656252e-07
-0.06648351648351647,-1.0254395996093705e-06
-0.06728937728937745,-1.0742676757812502e-06
-0.06809523809523821,-1.0742676757812502e-06
-0.06890109890109897,-1.0742676757812502e-06
-0.06970695970695973,-1.1719238281249956e-06
-0.0705128205128207,-1.123095751953123e-06
-0.07131868131868146,-1.2207519042968756e-06
-0.07212454212454222,-1.2207519042968756e-06
-0.07293040293040298,-1.2207519042968756e-06
-0.07373626373626374,-1.1719238281249956e-06
-0.07454212454212472,-1.2695799804687481e-06
-0.07534798534798548,-1.318408056640628e-06
-0.07615384615384624,-1.4160642089843733e-06
-0.076959706959707,-1.2695799804687481e-06
-0.07776556776556776,-1.318408056640628e-06
-0.07857142857142874,-1.3672361328124935e-06
-0.0793772893772895,-1.464892285156253e-06
-0.08018315018315025,-1.464892285156253e-06
-0.08098901098901101,-1.4160642089843733e-06
-0.08179487179487199,-1.4160642089843733e-06
-0.08260073260073275,-1.5625484374999984e-06
-0.08340659340659351,-1.5625484374999984e-06
-0.08421245421245427,-1.5137203613281258e-06
-0.08501831501831503,-1.5137203613281258e-06
-0.08582417582417601,-1.5625484374999984e-06
-0.08663003663003677,-1.660204589843751e-06
-0.08743589743589752,-1.7090326660156235e-06
-0.08824175824175828,-1.660204589843751e-06
-0.08904761904761904,-1.660204589843751e-06
-0.08985347985348002,-1.7090326660156235e-06
-0.09065934065934078,-1.806688818359376e-06
-0.09146520146520154,-1.806688818359376e-06
-0.0922710622710623,-1.806688818359376e-06
-0.09307692307692306,-1.7578607421874963e-06
-0.09388278388278404,-1.7578607421874963e-06
-0.0946886446886448,-1.9043449707031214e-06
-0.09549450549450555,-1.9043449707031214e-06
-0.09630036630036631,-1.8555168945312486e-06
-0.0971062271062273,-1.9043449707031214e-06
-0.09791208791208805,-1.953173046875001e-06
-0.09871794871794881,-2.0508291992187463e-06
-0.09952380952380957,-2.0508291992187463e-06
-0.10032967032967033,-2.002001123046874e-06
-0.09952380952380957,-2.002001123046874e-06
-0.09871794871794881,-2.099657275390619e-06
-0.09791208791208805,-2.099657275390619e-06
-0.0971062271062273,-2.0508291992187463e-06
-0.09630036630036631,-1.953173046875001e-06
-0.09549450549450555,-1.953173046875001e-06
-0.0946886446886448,-2.002001123046874e-06
-0.09388278388278404,-1.9043449707031214e-06
-0.09307692307692306,-1.9043449707031214e-06
-0.0922710622710623,-1.8555168945312486e-06
-0.09146520146520154,-1.806688818359376e-06
-0.09065934065934078,-1.8555168945312486e-06
-0.08985347985348002,-1.953173046875001e-06
-0.08904761904761904,-1.806688818359376e-06
-0.08824175824175828,-1.7090326660156235e-06
-0.08743589743589752,-1.7090326660156235e-06
-0.08663003663003677,-1.7578607421874963e-06
-0.08582417582417601,-1.7090326660156235e-06
-0.08501831501831503,-1.660204589843751e-06
-0.08421245421245427,-1.6113765136718712e-06
-0.08340659340659351,-1.6113765136718712e-06
-0.08260073260073275,-1.6113765136718712e-06
-0.08179487179487199,-1.6113765136718712e-06
-0.08098901098901101,-1.6113765136718712e-06
-0.08018315018315025,-1.464892285156253e-06
-0.0793772893772895,-1.4160642089843733e-06
-0.07857142857142874,-1.5625484374999984e-06
-0.07776556776556776,-1.5137203613281258e-06
-0.076959706959707,-1.464892285156253e-06
-0.07615384615384624,-1.3672361328124935e-06
-0.07534798534798548,-1.3672361328124935e-06
-0.07454212454212472,-1.3672361328124935e-06
-0.07373626373626374,-1.3672361328124935e-06
-0.07293040293040298,-1.2695799804687481e-06
-0.07212454212454222,-1.2207519042968756e-06
-0.07131868131868146,-1.2695799804687481e-06
-0.0705128205128207,-1.2695799804687481e-06
-0.06970695970695973,-1.2695799804687481e-06
-0.06890109890109897,-1.123095751953123e-06
-0.06809523809523821,-1.123095751953123e-06
-0.06728937728937745,-1.123095751953123e-06
-0.06648351648351647,-1.1719238281249956e-06
-0.06567765567765571,-1.2207519042968756e-06
-0.06487179487179495,-1.0254395996093705e-06
-0.0640659340659342,-1.0254395996093705e-06
-0.06326007326007344,-1.0254395996093705e-06
-0.062454212454212454,-1.0254395996093705e-06
-0.061648351648351696,-9.766115234374979e-07
-0.06084249084249094,-8.789553710937454e-07
-0.06003663003663018,-8.789553710937454e-07
-0.05923076923076942,-9.766115234374979e-07
-0.05842490842490844,-9.277834472656252e-07
-0.05761904761904768,-8.789553710937454e-07
-0.05681318681318692,-7.812992187500001e-07
-0.056007326007326164,-7.812992187500001e-07
-0.05520146520146518,-8.301272949218728e-07
-0.054395604395604424,-7.812992187500001e-07
-0.053589743589743666,-7.324711425781274e-07
-0.05278388278388291,-6.836430664062475e-07
-0.05197802197802215,-6.348149902343678e-07
-0.05117216117216117,-6.836430664062475e-07
-0.05036630036630041,-6.836430664062475e-07
-0.04956043956043965,-6.348149902343678e-07
-0.04875457875457889,-4.883307617187497e-07
-0.047948717948718134,-5.371588378906224e-07
-0.04714285714285715,-5.859869140625022e-07
-0.046336996336996394,-5.859869140625022e-07
-0.045531135531135636,-4.883307617187497e-07
-0.04472527472527488,-3.906746093749973e-07
-0.0439194139194139,-4.3950268554687707e-07
-0.04311355311355314,-4.3950268554687707e-07
-0.04230769230769238,-3.906746093749973e-07
-0.04150183150183162,-3.418465332031246e-07
-0.04069597069597086,-2.9301845703124485e-07
-0.03989010989010988,-3.418465332031246e-07
-0.03908424908424912,-3.418465332031246e-07
-0.038278388278388364,-2.9301845703124485e-07
-0.037472527472527606,-2.9301845703124485e-07
-0.03666666666666685,-1.465342285156197e-07
-0.03586080586080587,-1.9536230468749947e-07
-0.03505494505494511,-2.4419038085937927e-07
-0.03424908424908435,-1.465342285156197e-07
-0.03344322344322359,-9.770615234374701e-08
-0.03263736263736283,-9.770615234374701e-08
-0.03183150183150185,-4.887807617187434e-08
-0.031025641025641093,-9.770615234374701e-08
-0.030219780219780334,-9.770615234374701e-08
-0.029413919413919576,4.8778076171878125e-08
-0.028608058608058595,4.8778076171878125e-08
-0.027802197802197837,-5.0000000001659824e-11
-0.026996336996337078,-5.0000000001659824e-11
-0.02619047619047632,9.76061523437508e-08
-0.02538461538461556,1.4643422851562348e-07
-0.02457875457875458,1.4643422851562348e-07
-0.02377289377289382,9.76061523437508e-08
-0.022967032967033063,1.4643422851562348e-07
-0.022161172161172304,1.9526230468750327e-07
-0.021355311355311546,2.440903808593759e-07
-0.020549450549450565,2.929184570312486e-07
-0.019743589743589807,2.929184570312486e-07
-0.018937728937729048,1.9526230468750327e-07
-0.01813186813186829,3.417465332031284e-07
-0.01732600732600731,3.417465332031284e-07
-0.01652014652014655,3.905746093750011e-07
-0.01571428571428579,1.9526230468750327e-07
-0.014908424908425033,3.417465332031284e-07
-0.014102564102564275,4.3940268554688087e-07
-0.013296703296703294,4.882307617187465e-07
-0.012490842490842535,4.882307617187465e-07
-0.011684981684981777,4.3940268554688087e-07
-0.010879120879121018,4.882307617187465e-07
-0.01007326007326026,5.370588378906262e-07
-0.009267399267399279,5.85886914062506e-07
-0.00846153846153852,5.85886914062506e-07
-0.007655677655677762,5.85886914062506e-07
-0.006849816849817003,6.347149902343716e-07
-0.0060439560439560225,6.835430664062513e-07
-0.005238095238095264,7.811992187500038e-07
-0.004432234432234505,6.835430664062513e-07
-0.0036263736263737467,6.835430664062513e-07
