# Params: min_volt -0.1 max_volt 0.2 start_volt 0.0 scan_rate 0.05 direction down num_cycles 2
Stimulation voltage (V),Measured current(A)
-0.0036263736263735247,1.0546914453124997e-05
-0.002820512820512766,1.4355504394531251e-05
-0.0020146520146520075,1.3964879785156249e-05
-0.0012087912087910269,1.3330114794921869e-05
-0.00040293040293026827,9.326212548828124e-06
0.0004029304029304903,4.980513769531249e-06
0.001208791208791249,1.7578607421874963e-06
0.0020146520146520075,8.789553710937454e-07
0.002820512820512988,-4.882307617187465e-07
0.0036263736263737467,2.2461415039062442e-06
0.004432234432234505,4.980513769531249e-06
0.005238095238095264,2.343797656249997e-06
0.0060439560439560225,7.324711425781274e-07
0.006849816849817003,4.887807617187434e-08
0.007655677655677762,3.173874951171875e-06
0.00846153846153852,4.199264550781244e-06
0.009267399267399279,3.5644995605468707e-06
0.01007326007326026,-3.2226030273437513e-06
0.010879120879121018,-5.85886914062506e-07
0.011684981684981777,3.955124169921874e-06
0.012490842490842535,6.835980664062504e-06
0.013296703296703294,-1.7577607421875e-06
0.014102564102564275,-6.835430664062513e-07
0.014908424908425033,-5.370588378906262e-07
0.01571428571428579,4.345748779296876e-06
0.01652014652014655,2.6367661132812472e-06
0.01732600732600731,2.7344222656249996e-06
0.01813186813186829,-2.1483853515625027e-06
0.018937728937729048,8.301272949218728e-07
0.019743589743589807,3.7598118652343754e-06
0.020549450549450565,3.9062960937500006e-06
0.021355311355311546,1.0254395996093705e-06
0.022161172161172304,-1.415964208984377e-06
0.022967032967033063,3.906746093749973e-07
0.02377289377289382,5.810591064453121e-06
0.02457875457875458,4.0527803222656185e-06
0.02538461538461556,-6.835430664062513e-07
0.02619047619047632,-1.1229957519531268e-06
0.026996336996337078,1.6113765136718712e-06
0.027802197802197837,4.0527803222656185e-06
0.028608058608058595,4.1504364746093784e-06
0.029413919413919576,1.9536230468749947e-07
0.030219780219780334,-2.8808064941406283e-06
0.031025641025641093,5.957075292968752e-06
0.03183150183150185,4.980513769531249e-06
0.03263736263736283,4.394576855468749e-06
0.03344322344322359,-1.3183080566406317e-06
0.03424908424908435,3.418465332031246e-07
0.03505494505494511,1.123095751953123e-06
0.03586080586080587,6.103559521484378e-06
0.03666666666666685,2.7832503417968724e-06
0.037472527472527606,1.1719238281249956e-06
0.038278388278388364,4.3950268554687707e-07
0.03908424908424912,3.2227030273437477e-06
0.03989010989010988,5.322310302734373e-06
0.04069597069597086,3.7598118652343754e-06
0.04150183150183162,-2.783150341796876e-06
0.04230769230769238,2.4419038085937927e-07
0.04311355311355314,4.980513769531249e-06
0.0439194139194139,5.712934912109375e-06
0.04472527472527488,2.2461415039062442e-06
0.045531135531135636,1.660204589843751e-06
0.046336996336996394,2.9301845703124485e-07
0.04714285714285715,3.4180153320312524e-06
0.047948717948718134,5.908247216796873e-06
0.04875457875457889,-1.0253395996093743e-06
0.04956043956043965,-1.269479980468752e-06
0.05036630036630041,4.883307617187497e-07
0.05117216117216117,7.1777771972656265e-06
0.05197802197802215,3.5644995605468707e-06
0.05278388278388291,2.002001123046874e-06
0.053589743589743666,-9.27683447265629e-07
0.054395604395604424,1.6113765136718712e-06
0.05520146520146518,2.490281884765622e-06
0.056007326007326164,4.980513769531249e-06
0.05681318681318692,1.2207519042968756e-06
0.05761904761904768,-6.835430664062513e-07
0.05842490842490844,7.812992187500001e-07
0.05923076923076942,8.251994873046876e-06
0.06003663003663018,4.687545312499999e-06
0.06084249084249094,4.887807617187434e-08
0.061648351648351696,-2.5390099609375057e-06
0.062454212454212454,5.468794531249997e-06
0.06326007326007344,4.8340295410156245e-06
0.0640659340659342,4.980513769531249e-06
0.06487179487179495,4.887807617187434e-08
0.06567765567765571,1.2207519042968756e-06
0.06648351648351647,1.6113765136718712e-06
0.06728937728937745,6.9336368164062486e-06
0.06809523809523821,3.515671484374998e-06
0.06890109890109897,3.418465332031246e-07
0.06970695970695973,2.4419038085937927e-07
0.0705128205128207,3.466843408203125e-06
0.07131868131868146,5.957075292968752e-06
0.07212454212454222,3.955124169921874e-06
0.07293040293040298,-1.9042449707031252e-06
0.07373626373626374,7.812992187500001e-07
0.07454212454212472,5.371138378906252e-06
0.07534798534798548,5.761762988281248e-06
0.07615384615384624,2.7344222656249996e-06
0.076959706959707,1.8555168945312486e-06
0.07776556776556776,9.770615234374701e-08
0.07857142857142874,3.9062960937500006e-06
0.0793772893772895,6.494184130859374e-06
0.08018315018315025,-7.32371142578124e-07
0.08098901098901101,-1.3183080566406317e-06
0.08179487179487199,6.348149902343678e-07
0.08260073260073275,7.568401806640629e-06
0.08340659340659351,3.7598118652343754e-06
0.08421245421245427,2.1973134277343786e-06
0.08501831501831503,-1.074167675781254e-06
0.08582417582417601,1.464892285156253e-06
0.08663003663003677,2.9785626464843703e-06
0.08743589743589752,5.273482226562493e-06
0.08824175824175828,1.464892285156253e-06
0.08904761904761904,-2.929184570312486e-07
0.08985347985348002,7.812992187500001e-07
0.09065934065934078,8.34965102539062e-06
0.09146520146520154,4.931685693359369e-06
0.0922710622710623,2.9301845703124485e-07
0.09307692307692306,-2.636666113281251e-06
0.09388278388278404,6.298871826171876e-06
0.0946886446886448,5.029341845703122e-06
0.09549450549450555,5.126997998046875e-06
0.09630036630036631,1.465342285156197e-07
0.0971062271062273,1.318408056640628e-06
0.09791208791208805,1.8555168945312486e-06
0.09871794871794881,6.9336368164062486e-06
0.09952380952380957,3.8574680175781206e-06
0.10032967032967033,5.371588378906224e-07
0.10113553113553131,7.812992187500001e-07
0.10194139194139207,3.6133276367187503e-06
0.10274725274725283,6.201215673828123e-06
0.10355311355311358,4.296920703124996e-06
0.10435897435897434,-4.882307617187465e-07
0.10516483516483532,6.836430664062475e-07
0.10597069597069608,5.126997998046875e-06
0.10677655677655684,6.005903369140618e-06
0.1075824175824176,3.6133276367187503e-06
0.10838827838827858,3.418465332031246e-07
0.10919413919413934,6.836430664062475e-07
0.1100000000000001,4.394576855468749e-06
0.11080586080586086,7.226605273437499e-06
0.11161172161172161,-1.269479980468752e-06
0.1124175824175826,-5.370588378906262e-07
0.11322344322344335,1.465342285156197e-07
0.11402930402930411,6.738324511718744e-06
0.11483516483516487,4.492233007812501e-06
0.11564102564102563,3.9062960937500006e-06
0.11644688644688661,-9.27683447265629e-07
0.11725274725274737,2.002001123046874e-06
0.11805860805860813,4.003952246093753e-06
0.11886446886446889,4.736373388671872e-06
0.11967032967032987,2.0508291992187463e-06
0.12047619047619063,-1.4643422851562348e-07
0.12128205128205138,1.0254395996093705e-06
0.12208791208791214,7.617229882812495e-06
0.1228937728937729,5.175826074218747e-06
0.12369963369963388,2.9301845703124485e-07
0.12450549450549464,-6.347149902343716e-07
0.1253113553113554,2.4414538085937493e-06
0.12611721611721616,3.662155712890623e-06
0.12692307692307692,5.029341845703122e-06
0.1277289377289379,2.148485351562499e-06
0.12853479853479866,-1.1718238281249994e-06
0.12934065934065941,7.1289491210937465e-06
0.13014652014652017,6.543012207031246e-06
0.13095238095238093,5.029341845703122e-06
0.1317582417582419,-1.5136203613281296e-06
0.13256410256410267,1.464892285156253e-06
0.13336996336996343,2.8320784179687447e-06
0.1341758241758242,6.396527978515621e-06
0.13498168498168517,3.710983789062496e-06
0.13578754578754593,2.685594189453127e-06
0.13659340659340669,3.906746093749973e-07
0.13739926739926744,3.710983789062496e-06
0.1382051282051282,5.61527875976563e-06
0.13901098901098918,4.882857617187504e-06
0.13981684981684994,-3.1737749511718718e-06
0.1406227106227107,1.2207519042968756e-06
0.14142857142857146,5.712934912109375e-06
0.14223443223443222,7.1289491210937465e-06
0.1430402930402932,2.148485351562499e-06
0.14384615384615396,2.7344222656249996e-06
0.14465201465201472,-4.8778076171878125e-08
0.14545787545787547,4.0527803222656185e-06
0.14626373626373645,6.103559521484378e-06
0.1470695970695972,1.1719238281249956e-06
0.14787545787545797,-1.269479980468752e-06
0.14868131868131873,1.8555168945312486e-06
0.1494871794871795,7.421917578124997e-06
0.15029304029304047,4.248092626953124e-06
0.15109890109890123,2.4414538085937493e-06
0.151904761904762,-4.3940268554688087e-07
0.15271062271062275,1.9043449707031214e-06
0.1535164835164835,3.466843408203125e-06
0.15432234432234448,5.322310302734373e-06
0.15512820512820524,1.7090326660156235e-06
0.155934065934066,-1.4643422851562348e-07
0.15673992673992676,9.277834472656252e-07
0.15754578754578774,8.837931787109368e-06
0.1583516483516485,4.931685693359369e-06
0.15915750915750926,8.789553710937454e-07
0.15996336996337002,-1.5624484375000022e-06
0.16076923076923078,5.322310302734373e-06
0.16157509157509176,4.296920703124996e-06
0.16238095238095251,6.298871826171876e-06
0.16318681318681327,1.5625484374999984e-06
0.16399267399267403,1.123095751953123e-06
0.1647985347985348,3.8574680175781206e-06
0.16560439560439577,7.666057958984374e-06
0.16641025641025653,4.345748779296876e-06
0.1672161172161173,-1.4643422851562348e-07
0.16802197802197805,1.3672361328124935e-06
0.1688278388278388,3.710983789062496e-06
0.16963369963369979,6.738324511718744e-06
0.17043956043956054,4.394576855468749e-06
0.1712454212454213,2.343797656249997e-06
0.17205128205128206,1.8555168945312486e-06
0.17285714285714304,4.345748779296876e-06
0.1736630036630038,5.908247216796873e-06
0.17446886446886456,5.029341845703122e-06
0.17527472527472532,-2.3925257324218806e-06
0.17608058608058608,8.301272949218728e-07
0.17688644688644706,5.5176226074218705e-06
0.17769230769230782,8.154338720703123e-06
0.17849816849816857,8.301272949218728e-07
0.17930402930402933,1.953173046875001e-06
0.1801098901098901,3.418465332031246e-07
0.18091575091575107,4.687545312499999e-06
0.18172161172161183,4.980513769531249e-06
0.1825274725274726,3.7598118652343754e-06
0.18333333333333335,-5.370588378906262e-07
0.18413919413919433,1.5625484374999984e-06
0.1849450549450551,6.396527978515621e-06
0.18575091575091585,4.7852014648437445e-06
0.1865567765567766,2.7344222656249996e-06
0.18736263736263736,-5.370588378906262e-07
0.18816849816849834,2.099657275390619e-06
0.1889743589743591,4.1504364746093784e-06
0.18978021978021986,4.8340295410156245e-06
0.19058608058608062,1.660204589843751e-06
0.19139194139194138,5.859869140625022e-07
0.19219780219780236,1.2695799804687481e-06
0.19300366300366312,7.910198339843752e-06
0.19380952380952388,5.56645068359375e-06
0.19461538461538463,1.5137203613281258e-06
0.19542124542124562,-1.5136203613281296e-06
0.19622710622710637,5.712934912109375e-06
0.19703296703296713,4.736373388671872e-06
0.1978388278388279,5.957075292968752e-06
0.19864468864468865,1.5137203613281258e-06
0.19945054945054963,1.7090326660156235e-06
0.2002564102564104,2.0508291992187463e-06
0.19945054945054963,7.226605273437499e-06
0.19864468864468865,4.8340295410156245e-06
0.1978388278388279,8.789553710937454e-07
0.19703296703296713,9.766115234374979e-07
0.19622710622710637,2.343797656249997e-06
0.19542124542124562,6.640668359374998e-06
0.19461538461538463,4.541061083984374e-06
0.19380952380952388,1.0254395996093705e-06
0.19300366300366312,1.5625484374999984e-06
0.19219780219780236,4.541061083984374e-06
0.19139194139194138,5.664106835937495e-06
0.19058608058608062,4.248092626953124e-06
0.18978021978021986,-3.417465332031284e-07
0.1889743589743591,9.770615234374701e-08
0.18816849816849834,4.296920703124996e-06
0.18736263736263736,7.959026416015618e-06
0.1865567765567766,-5.370588378906262e-07
0.18575091575091585,5.371588378906224e-07
0.1849450549450551,2.4419038085937927e-07
0.18413919413919433,5.029341845703122e-06
0.18333333333333335,3.466843408203125e-06
0.1825274725274726,4.1016083984374985e-06
0.18172161172161183,-1.074167675781254e-06
0.18091575091575107,1.1719238281249956e-06
0.1801098901098901,4.638717236328127e-06
0.17930402930402933,4.736373388671872e-06
0.17849816849816857,2.148485351562499e-06
0.17769230769230782,-6.347149902343716e-07
0.17688644688644706,1.0742676757812502e-06
0.17608058608058608,5.468794531249997e-06
0.17527472527472532,4.199264550781244e-06
0.17446886446886456,4.883307617187497e-07
0.1736630036630038,-4.8778076171878125e-08
0.17285714285714304,1.3672361328124935e-06
0.17205128205128206,4.394576855468749e-06
0.1712454212454213,4.8340295410156245e-06
0.17043956043956054,1.2207519042968756e-06
0.16963369963369979,-1.953073046874998e-06
0.1688278388278388,6.4453560546875e-06
0.16802197802197805,5.322310302734373e-06
0.1672161172161173,5.0781699218750015e-06
0.16641025641025653,-1.2206519042968722e-06
0.16560439560439577,1.0742676757812502e-06
0.1647985347985348,9.766115234374979e-07
0.16399267399267403,6.298871826171876e-06
0.16318681318681327,3.2227030273437477e-06
0.16238095238095251,1.8555168945312486e-06
0.16157509157509176,6.348149902343678e-07
0.16076923076923078,2.7832503417968724e-06
0.15996336996337002,5.0781699218750015e-06
0.15915750915750926,4.589889160156247e-06
0.1583516483516485,-2.6854941894531236e-06
0.15754578754578774,1.465342285156197e-07
0.15673992673992676,4.7852014648437445e-06
0.155934065934066,5.61527875976563e-06
0.15512820512820524,2.5391099609375017e-06
0.15432234432234448,1.9043449707031214e-06
0.1535164835164835,-1.9526230468750327e-07
0.15271062271062275,2.9297345703125047e-06
0.151904761904762,6.250043749999996e-06
0.15109890109890123,-1.1718238281249994e-06
0.15029304029304047,-1.1718238281249994e-06
0.1494871794871795,-3.417465332031284e-07
0.14868131868131873,6.347699902343748e-06
0.14787545787545797,2.9297345703125047e-06
0.1470695970695972,2.7832503417968724e-06
0.14626373626373645,-1.5136203613281296e-06
0.14545787545787547,1.3672361328124935e-06
0.14465201465201472,1.9043449707031214e-06
0.14384615384615396,4.0527803222656185e-06
0.1430402930402932,1.6113765136718712e-06
0.14223443223443222,-1.074167675781254e-06
0.14142857142857146,-4.8778076171878125e-08
0.1406227106227107,7.47074565429687e-06
0.13981684981684994,3.8574680175781206e-06
0.13901098901098918,-2.929184570312486e-07
0.1382051282051282,-1.7577607421875e-06
0.13739926739926744,1.7578607421874963e-06
0.13659340659340669,2.002001123046874e-06
0.13578754578754593,4.199264550781244e-06
0.13498168498168517,1.0254395996093705e-06
0.1341758241758242,-1.415964208984377e-06
0.13336996336996343,5.029341845703122e-06
0.13256410256410267,5.371138378906252e-06
0.1317582417582419,4.541061083984374e-06
0.13095238095238093,-2.3925257324218806e-06
0.13014652014652017,4.883307617187497e-07
0.12934065934065941,1.6113765136718712e-06
0.12853479853479866,5.859419140625e-06
0.1277289377289379,2.8320784179687447e-06
0.12692307692307692,1.806688818359376e-06
0.12611721611721616,-6.347149902343716e-07
0.1253113553113554,2.6367661132812472e-06
0.12450549450549464,4.882857617187504e-06
0.12369963369963388,4.1504364746093784e-06
0.1228937728937729,-3.955024169921877e-06
0.12208791208791214,-1.4643422851562348e-07
0.12128205128205138,4.199264550781244e-06
0.12047619047619063,6.835980664062504e-06
0.11967032967032987,-6.835430664062513e-07
0.11886446886446889,-1.9526230468750327e-07
0.11805860805860813,-1.074167675781254e-06
0.11725274725274737,3.710983789062496e-06
0.11644688644688661,2.9785626464843703e-06
0.11564102564102563,2.4414538085937493e-06
0.11483516483516487,-2.1972134277343755e-06
0.11402930402930411,3.906746093749973e-07
0.11322344322344335,4.589889160156247e-06
0.1124175824175826,3.2715311035156273e-06
0.11161172161172161,1.0742676757812502e-06
0.11080586080586086,-1.8065888183593799e-06
0.1100000000000001,2.9301845703124485e-07
0.10919413919413934,4.199264550781244e-06
0.10838827838827858,3.8574680175781206e-06
0.1075824175824176,-3.417465332031284e-07
0.10677655677655684,-1.611276513671875e-06
0.10597069597069608,-3.417465332031284e-07
0.10516483516483532,4.7852014648437445e-06
0.10435897435897434,3.8574680175781206e-06
0.10355311355311358,9.770615234374701e-08
0.10274725274725283,-2.929634570312501e-06
0.10194139194139207,5.810591064453121e-06
0.10113553113553131,4.394576855468749e-06
0.10032967032967033,4.638717236328127e-06
0.09952380952380957,-1.6601045898437547e-06
0.09871794871794881,9.770615234374701e-08
0.09791208791208805,-1.4643422851562348e-07
0.0971062271062273,5.810591064453121e-06
0.09630036630036631,2.5391099609375017e-06
0.09549450549450555,2.9301845703124485e-07
0.0946886446886448,-6.347149902343716e-07
0.09388278388278404,2.2461415039062442e-06
0.09307692307692306,4.736373388671872e-06
0.0922710622710623,3.173874951171875e-06
0.09146520146520154,-3.320259179687497e-06
0.09065934065934078,-4.3940268554688087e-07
0.08985347985348002,4.1504364746093784e-06
0.08904761904761904,4.687545312499999e-06
0.08824175824175828,1.9043449707031214e-06
0.08743589743589752,1.1719238281249956e-06
0.08663003663003677,-1.2206519042968722e-06
0.08582417582417601,2.490281884765622e-06
0.08501831501831503,5.761762988281248e-06
0.08421245421245427,-2.3436976562500006e-06
0.08340659340659351,-2.5390099609375057e-06
0.08260073260073275,-6.347149902343716e-07
0.08179487179487199,5.712934912109375e-06
0.08098901098901101,2.3926257324218765e-06
0.08018315018315025,1.4160642089843733e-06
0.0793772893772895,-2.294869580078128e-06
0.07857142857142874,1.9536230468749947e-07
0.07776556776556776,1.5137203613281258e-06
0.076959706959707,3.173874951171875e-06
0.07615384615384624,3.418465332031246e-07
0.07534798534798548,-1.6601045898437547e-06
0.07454212454212472,-6.835430664062513e-07
0.07373626373626374,7.47074565429687e-06
0.07293040293040298,3.4180153320312524e-06
0.07212454212454222,-1.3671361328124973e-06
0.07131868131868146,-3.2714311035156313e-06
0.0705128205128207,2.7344222656249996e-06
0.06970695970695973,2.002001123046874e-06
0.06890109890109897,3.6133276367187503e-06
0.06809523809523821,-4.8778076171878125e-08
0.06728937728937745,-9.27683447265629e-07
0.06648351648351647,2.3926257324218765e-06
0.06567765567765571,5.322310302734373e-06
0.06487179487179495,2.4414538085937493e-06
0.0640659340659342,-2.8808064941406283e-06
0.06326007326007344,-8.788553710937491e-07
0.062454212454212454,1.7090326660156235e-06
0.061648351648351696,5.175826074218747e-06
0.06084249084249094,1.9043449707031214e-06
0.06003663003663018,2.4419038085937927e-07
0.05923076923076942,-8.788553710937491e-07
0.05842490842490844,2.685594189453127e-06
0.05761904761904768,4.003952246093753e-06
0.05681318681318692,2.343797656249997e-06
0.056007326007326164,-3.5643995605468743e-06
0.05520146520146518,-1.0253395996093743e-06
0.054395604395604424,3.2715311035156273e-06
0.053589743589743666,5.761762988281248e-06
0.05278388278388291,-2.1972134277343755e-06
0.05197802197802215,-1.4647922851562498e-06
0.05117216117216117,-1.611276513671875e-06
0.05036630036630041,3.955124169921874e-06
0.04956043956043965,2.343797656249997e-06
0.04875457875457889,2.002001123046874e-06
0.047948717948718134,-3.076118798828126e-06
0.04714285714285715,-9.76061523437508e-08
0.046336996336996394,2.6367661132812472e-06
0.045531135531135636,3.369187255859373e-06
0.04472527472527488,-1.4643422851562348e-07
0.0439194139194139,-2.4901818847656257e-06
0.04311355311355314,-3.905746093750011e-07
0.04230769230769238,5.957075292968752e-06
0.04150183150183162,2.7832503417968724e-06
0.04069597069597086,-1.9042449707031252e-06
0.03989010989010988,-2.587838037109378e-06
0.03908424908424912,1.1719238281249956e-06
0.038278388278388364,8.301272949218728e-07
0.037472527472527606,3.2715311035156273e-06
0.03666666666666685,-5.370588378906262e-07
0.03586080586080587,-2.783150341796876e-06
0.03505494505494511,4.0527803222656185e-06
0.03424908424908435,4.8340295410156245e-06
0.03344322344322359,2.294969580078124e-06
0.03263736263736283,-3.857368017578125e-06
0.03183150183150185,-7.32371142578124e-07
0.031025641025641093,1.3672361328124935e-06
0.030219780219780334,4.687545312499999e-06
0.029413919413919576,1.9043449707031214e-06
0.028608058608058595,-4.8778076171878125e-08
0.027802197802197837,-9.765115234375017e-07
0.026996336996337078,2.294969580078124e-06
0.02619047619047632,4.003952246093753e-06
0.02538461538461556,1.9043449707031214e-06
0.02457875457875458,-4.980413769531253e-06
0.02377289377289382,-1.611276513671875e-06
0.022967032967033063,2.9785626464843703e-06
0.022161172161172304,5.5176226074218705e-06
0.021355311355311546,-2.6854941894531236e-06
0.020549450549450565,-2.294869580078128e-06
0.019743589743589807,-2.1972134277343755e-06
0.018937728937729048,3.662155712890623e-06
0.01813186813186829,1.9043449707031214e-06
0.01732600732600731,1.0254395996093705e-06
0.01652014652014655,-3.808539941406252e-06
0.01571428571428579,3.418465332031246e-07
0.014908424908425033,2.3926257324218765e-06
0.014102564102564275,2.490281884765622e-06
0.013296703296703294,-5.370588378906262e-07
0.012490842490842535,-2.6854941894531236e-06
0.011684981684981777,-1.074167675781254e-06
0.010879120879121018,5.0781699218750015e-06
0.01007326007326026,2.8320784179687447e-06
0.009267399267399279,-2.6854941894531236e-06
0.00846153846153852,-3.4179153320312492e-06
0.007655677655677762,2.4419038085937927e-07
0.006849816849817003,9.766115234374979e-07
0.0060439560439560225,2.7344222656249996e-06
0.005238095238095264,-1.2206519042968722e-06
0.004432234432234505,-3.7108837890624995e-06
0.0036263736263737467,3.710983789062496e-06
0.002820512820512988,4.736373388671872e-06
0.0020146520146520075,1.8555168945312486e-06
0.001208791208791249,-4.638617236328123e-06
0.0004029304029304903,-1.2206519042968722e-06
-0.00040293040293026827,1.318408056640628e-06
-0.0012087912087910269,4.394576855468749e-06
-0.0020146520146520075,9.766115234374979e-07
-0.002820512820512766,-8.300272949218765e-07
-0.0036263736263735247,-1.5136203613281296e-06
-0.004432234432234283,1.7578607421874963e-06
-0.005238095238095042,3.320359179687493e-06
-0.0060439560439560225,1.3672361328124935e-06
-0.006849816849816781,-5.224554150390631e-06
-0.00765567765567754,-2.2460415039062482e-06
-0.008461538461538298,2.8320784179687447e-06
-0.009267399267399279,5.126997998046875e-06
-0.010073260073260037,-2.8319784179687487e-06
-0.010879120879120796,-2.294869580078128e-06
-0.011684981684981555,-2.294869580078128e-06
-0.012490842490842313,2.8320784179687447e-06
-0.013296703296703294,1.318408056640628e-06
-0.014102564102564052,5.859869140625022e-07
-0.014908424908424811,-4.394476855468745e-06
-0.01571428571428557,-6.347149902343716e-07
-0.016520146520146328,2.343797656249997e-06
-0.01732600732600731,2.002001123046874e-06
-0.018131868131868067,-8.788553710937491e-07
-0.018937728937728826,-3.5643995605468743e-06
-0.019743589743589585,-1.5136203613281296e-06
-0.020549450549450565,4.492233007812501e-06
-0.021355311355311324,1.9043449707031214e-06
-0.022161172161172082,-2.8319784179687487e-06
-0.02296703296703284,-3.906196093749997e-06
-0.0237728937728936,-1.4643422851562348e-07
-0.02457875457875458,8.301272949218728e-07
-0.02538461538461534,2.099657275390619e-06
-0.026190476190476097,-2.3436976562500006e-06
-0.026996336996336856,-4.003852246093757e-06
-0.027802197802197615,3.8574680175781206e-06
-0.028608058608058595,3.662155712890623e-06
-0.029413919413919354,1.5137203613281258e-06
-0.030219780219780112,-4.7851014648437485e-06
-0.03102564102564087,-1.3183080566406317e-06
-0.03183150183150185,3.906746093749973e-07
-0.03263736263736261,3.466843408203125e-06
-0.03344322344322337,2.4419038085937927e-07
-0.03424908424908413,-7.811992187500038e-07
-0.035054945054944886,-1.953073046874998e-06
-0.03586080586080587,1.123095751953123e-06
-0.036666666666666625,2.5879380371093745e-06
-0.037472527472527384,1.3672361328124935e-06
-0.03827838827838814,-5.810491064453124e-06
-0.0390842490842489,-2.4901818847656257e-06
-0.03989010989010988,2.2461415039062442e-06
-0.04069597069597064,4.345748779296876e-06
-0.0415018315018314,-3.6620557128906267e-06
-0.04230769230769216,-3.2714311035156313e-06
-0.043113553113552916,-3.076118798828126e-06
-0.0439194139194139,2.5879380371093745e-06
-0.044725274725274655,1.0254395996093705e-06
-0.045531135531135414,5.371588378906224e-07
-0.04633699633699617,-4.7851014648437485e-06
-0.04714285714285715,-1.1229957519531268e-06
-0.04794871794871791,1.660204589843751e-06
-0.04875457875457867,1.4160642089843733e-06
-0.04956043956043943,-1.3671361328124973e-06
-0.05036630036630019,-3.6132276367187543e-06
-0.05117216117216117,-1.6601045898437547e-06
-0.05197802197802193,3.710983789062496e-06
-0.052783882783882685,1.5137203613281258e-06
-0.053589743589743444,-2.978462646484374e-06
-0.0543956043956042,-3.5643995605468743e-06
-0.05520146520146518,-8.300272949218765e-07
-0.05600732600732594,1.3672361328124935e-06
-0.0568131868131867,1.4160642089843733e-06
-0.05761904761904746,-1.9042449707031252e-06
-0.05842490842490844,-5.0780699218750055e-06
-0.0592307692307692,3.369187255859373e-06
-0.06003663003662996,2.9785626464843703e-06
-0.060842490842490715,1.8555168945312486e-06
-0.061648351648351474,-4.150336474609375e-06
-0.062454212454212454,-1.1229957519531268e-06
-0.06326007326007321,-1.9042449707031252e-06
-0.06406593406593397,2.8809064941406247e-06
-0.06487179487179473,2.9301845703124485e-07
-0.06567765567765549,-1.5136203613281296e-06
-0.06648351648351647,-2.3436976562500006e-06
-0.06728937728937723,2.4419038085937927e-07
-0.06809523809523799,2.1973134277343786e-06
-0.06890109890109875,3.906746093749973e-07
-0.06970695970695973,-6.24994375e-06
-0.07051282051282048,-2.4901818847656257e-06
-0.07131868131868124,2.2461415039062442e-06
-0.072124542124542,2.7832503417968724e-06
-0.07293040293040276,-8.788553710937491e-07
-0.07373626373626374,-3.905746093750011e-07
-0.0745421245421245,-2.8319784179687487e-06
-0.07534798534798526,2.4419038085937927e-07
-0.07615384615384602,2.4414538085937493e-06
-0.07695970695970678,-3.124946875000006e-06
-0.07776556776556776,-4.833929541015628e-06
-0.07857142857142851,-2.1483853515625027e-06
-0.07937728937728927,3.662155712890623e-06
-0.08018315018315003,3.906746093749973e-07
-0.08098901098901101,-1.8065888183593799e-06
-0.08179487179487177,-3.906196093749997e-06
-0.08260073260073253,-1.3183080566406317e-06
-0.08340659340659329,-4.8778076171878125e-08
-0.08421245421245405,7.324711425781274e-07
-0.08501831501831503,-2.3925257324218806e-06
-0.08582417582417579,-3.5155714843750016e-06
-0.08663003663003654,-2.2460415039062482e-06
-0.0874358974358973,3.466843408203125e-06
-0.08824175824175806,1.318408056640628e-06
-0.08904761904761904,-2.3925257324218806e-06
-0.0898534798534798,-5.761662988281252e-06
-0.09065934065934056,2.9785626464843703e-06
-0.09146520146520132,1.953173046875001e-06
-0.09227106227106208,1.318408056640628e-06
-0.09307692307692306,-3.906196093749997e-06
-0.09388278388278382,-1.9042449707031252e-06
-0.09468864468864457,-1.9042449707031252e-06
-0.09549450549450533,2.685594189453127e-06
-0.09630036630036631,-1.9526230468750327e-07
-0.09710622710622707,-1.9042449707031252e-06
-0.09791208791208783,-2.587838037109378e-06
-0.09871794871794859,-2.440903808593759e-07
-0.09952380952380935,1.7090326660156235e-06
-0.10032967032967033,1.465342285156197e-07
-0.09952380952380935,-5.908147216796876e-06
-0.09871794871794859,-2.6854941894531236e-06
-0.09791208791208783,1.806688818359376e-06
-0.09710622710622707,2.6367661132812472e-06
-0.09630036630036631,-1.2206519042968722e-06
-0.09549450549450533,-2.440903808593759e-07
-0.09468864468864457,-2.978462646484374e-06
-0.09388278388278382,3.418465332031246e-07
-0.09307692307692306,1.660204589843751e-06
-0.09227106227106208,-2.0019011230468776e-06
-0.09146520146520132,-4.150336474609375e-06
-0.09065934065934056,-1.2206519042968722e-06
-0.0898534798534798,3.515671484374998e-06
-0.08904761904761904,1.3672361328124935e-06
-0.08824175824175806,-8.788553710937491e-07
-0.0874358974358973,-3.3690872558593764e-06
-0.08663003663003654,-6.347149902343716e-07
-0.08582417582417579,1.5137203613281258e-06
-0.08501831501831503,1.5137203613281258e-06
-0.08421245421245405,-2.099557275390623e-06
-0.08340659340659329,-2.3436976562500006e-06
-0.08260073260073253,-7.811992187500038e-07
-0.08179487179487177,1.318408056640628e-06
-0.08098901098901101,1.9043449707031214e-06
-0.08018315018315003,-1.074167675781254e-06
-0.07937728937728927,-3.808539941406252e-06
-0.07857142857142851,4.003952246093753e-06
-0.07776556776556776,3.0762187988281226e-06
-0.07695970695970678,1.953173046875001e-06
-0.07615384615384602,-3.906196093749997e-06
-0.07534798534798526,-9.27683447265629e-07
-0.0745421245421245,-9.76061523437508e-08
-0.07373626373626374,3.710983789062496e-06
-0.07293040293040276,1.0742676757812502e-06
-0.072124542124542,2.4419038085937927e-07
-0.07131868131868124,-1.8554168945312524e-06
-0.07051282051282048,1.1719238281249956e-06
-0.06970695970695973,2.8809064941406247e-06
-0.06890109890109875,2.002001123046874e-06
-0.06809523809523799,-5.664006835937499e-06
-0.06728937728937723,-1.3183080566406317e-06
-0.06648351648351647,2.490281884765622e-06
-0.06567765567765549,4.443404931640621e-06
-0.06487179487179473,-1.611276513671875e-06
-0.06406593406593397,-6.835430664062513e-07
-0.06326007326007321,-3.1737749511718718e-06
-0.062454212454212454,1.953173046875001e-06
-0.061648351648351474,2.343797656249997e-06
-0.060842490842490715,1.0742676757812502e-06
-0.06003663003662996,-3.5643995605468743e-06
-0.0592307692307692,-2.440903808593759e-07
-0.05842490842490844,3.2715311035156273e-06
-0.05761904761904746,2.148485351562499e-06
-0.0568131868131867,-2.440903808593759e-07
-0.05600732600732594,-2.5390099609375057e-06
-0.05520146520146518,-7.811992187500038e-07
-0.0543956043956042,3.173874951171875e-06
-0.053589743589743444,2.7832503417968724e-06
-0.052783882783882685,-1.5136203613281296e-06
-0.05197802197802193,-2.1483853515625027e-06
-0.05117216117216117,-2.440903808593759e-07
-0.05036630036630019,2.148485351562499e-06
-0.04956043956043943,2.7344222656249996e-06
-0.04875457875457867,-3.905746093750011e-07
-0.04794871794871791,-3.4179153320312492e-06
-0.04714285714285715,4.492233007812501e-06
-0.04633699633699617,4.492233007812501e-06
-0.045531135531135414,2.7832503417968724e-06
-0.044725274725274655,-3.808539941406252e-06
-0.0439194139194139,-6.347149902343716e-07
-0.043113553113552916,1.3672361328124935e-06
-0.04230769230769216,4.248092626953124e-06
-0.0415018315018314,1.7578607421874963e-06
-0.04069597069597064,2.9301845703124485e-07
-0.03989010989010988,-5.370588378906262e-07
-0.0390842490842489,2.4414538085937493e-06
-0.03827838827838814,3.6133276367187503e-06
-0.037472527472527384,2.6367661132812472e-06
-0.036666666666666625,-2.783150341796876e-06
-0.03586080586080587,-1.074167675781254e-06
-0.035054945054944886,2.685594189453127e-06
-0.03424908424908413,5.859419140625e-06
-0.03344322344322337,-2.929634570312501e-06
-0.03263736263736261,-2.099557275390623e-06
-0.03183150183150185,-1.7577607421875e-06
-0.03102564102564087,4.736373388671872e-06
-0.030219780219780112,2.1973134277343786e-06
-0.029413919413919354,2.148485351562499e-06
-0.028608058608058595,-2.5390099609375057e-06
-0.027802197802197615,4.3950268554687707e-07
-0.026996336996336856,1.1719238281249956e-06
-0.026190476190476097,2.685594189453127e-06
-0.02538461538461534,4.883307617187497e-07
-0.02457875457875458,-1.8554168945312524e-06
-0.0237728937728936,-4.3940268554688087e-07
-0.02296703296703284,8.10551064453125e-06
-0.022161172161172082,2.685594189453127e-06
-0.021355311355311324,-1.6601045898437547e-06
-0.020549450549450565,-2.734322265625003e-06
-0.019743589743589585,2.685594189453127e-06
-0.018937728937728826,1.5137203613281258e-06
-0.018131868131868067,4.0527803222656185e-06
-0.01732600732600731,1.9536230468749947e-07
-0.016520146520146328,-5.85886914062506e-07
-0.01571428571428557,1.7090326660156235e-06
-0.014908424908424811,5.908247216796873e-06
-0.014102564102564052,2.343797656249997e-06
-0.013296703296703294,-2.1972134277343755e-06
-0.012490842490842313,-2.929184570312486e-07
-0.011684981684981555,2.3926257324218765e-06
-0.010879120879120796,5.5176226074218705e-06
-0.010073260073260037,2.490281884765622e-06
-0.009267399267399279,-1.1718238281249994e-06
-0.008461538461538298,5.0000000001659824e-11
-0.00765567765567754,3.955124169921874e-06
-0.006849816849816781,4.296920703124996e-06
-0.0060439560439560225,2.5879380371093745e-06
-0.005238095238095042,5.0000000001659824e-11
-0.004432234432234283,-8.788553710937491e-07
-0.0036263736263735247,3.02739072265625e-06
-0.002820512820512766,6.005903369140618e-06
-0.0020146520146520075,-2.8808064941406283e-06
-0.0012087912087910269,-1.7577607421875e-06
-0.00040293040293026827,-4.3940268554688087e-07
0.0004029304029304903,6.689496435546878e-06
0.001208791208791249,2.8809064941406247e-06
0.0020146520146520075,1.3672361328124935e-06
0.002820512820512988,-1.8554168945312524e-06
0.0036263736263737467,1.2207519042968756e-06
0.004432234432234505,1.7578607421874963e-06
0.005238095238095264,3.0762187988281226e-06
0.0060439560439560225,2.9301845703124485e-07
0.006849816849817003,-1.1229957519531268e-06
0.007655677655677762,2.4419038085937927e-07
0.00846153846153852,7.080121044921874e-06
0.009267399267399279,4.248092626953124e-06
0.01007326007326026,4.887807617187434e-08
0.010879120879121018,-3.466743408203129e-06
0.011684981684981777,6.005903369140618e-06
0.012490842490842535,4.980513769531249e-06
0.013296703296703294,4.345748779296876e-06
0.014102564102564275,-1.269479980468752e-06
0.014908424908425033,7.812992187500001e-07
0.01571428571428579,8.301272949218728e-07
0.01652014652014655,6.396527978515621e-06
0.01732600732600731,2.6367661132812472e-06
0.01813186813186829,9.766115234374979e-07
0.018937728937729048,1.9536230468749947e-07
0.019743589743589807,2.9297345703125047e-06
0.020549450549450565,5.029341845703122e-06
0.021355311355311546,4.1504364746093784e-06
0.022161172161172304,-4.443304931640625e-06
0.022967032967033063,4.883307617187497e-07
0.02377289377289382,5.468794531249997e-06
0.02457875457875458,6.543012207031246e-06
0.02538461538461556,1.0742676757812502e-06
0.02619047619047632,1.953173046875001e-06
0.026996336996337078,-2.929184570312486e-07
0.027802197802197837,3.5644995605468707e-06
0.028608058608058595,4.492233007812501e-06
0.029413919413919576,2.685594189453127e-06
0.030219780219780334,-2.0019011230468776e-06
0.031025641025641093,1.0254395996093705e-06
0.03183150183150185,5.5176226074218705e-06
0.03263736263736283,4.248092626953124e-06
0.03344322344322359,1.2695799804687481e-06
0.03424908424908435,-1.611276513671875e-06
0.03505494505494511,1.318408056640628e-06
0.03586080586080587,5.56645068359375e-06
0.03666666666666685,3.710983789062496e-06
0.037472527472527606,-6.347149902343716e-07
0.038278388278388364,-5.370588378906262e-07
0.03908424908424912,1.2207519042968756e-06
0.03989010989010988,3.8086399414062482e-06
0.04069597069597086,4.638717236328127e-06
0.04150183150183162,1.0742676757812502e-06
0.04230769230769238,-2.5390099609375057e-06
0.04311355311355314,7.421917578124997e-06
0.0439194139194139,6.347699902343748e-06
0.04472527472527488,4.345748779296876e-06
0.045531135531135636,-2.294869580078128e-06
0.046336996336996394,1.4160642089843733e-06
0.04714285714285715,2.6367661132812472e-06
0.047948717948718134,6.396527978515621e-06
0.04875457875457889,3.515671484374998e-06
0.04956043956043965,2.490281884765622e-06
0.05036630036630041,1.465342285156197e-07
0.05117216117216117,3.6133276367187503e-06
0.05197802197802215,5.273482226562493e-06
0.05278388278388291,4.980513769531249e-06
0.053589743589743666,-4.1015083984375025e-06
0.054395604395604424,9.770615234374701e-08
0.05520146520146518,5.224654150390627e-06
0.056007326007326164,7.959026416015618e-06
0.05681318681318692,-5.85886914062506e-07
0.05761904761904768,3.906746093749973e-07
0.05842490842490844,-2.929184570312486e-07
0.05923076923076942,4.882857617187504e-06
0.06003663003663018,3.7598118652343754e-06
0.06084249084249094,3.6133276367187503e-06
0.061648351648351696,-1.6601045898437547e-06
0.062454212454212454,1.5625484374999984e-06
0.06326007326007344,5.224654150390627e-06
0.0640659340659342,4.492233007812501e-06
0.06487179487179495,1.7090326660156235e-06
0.06567765567765571,-1.074167675781254e-06
0.06648351648351647,1.3672361328124935e-06
0.06728937728937745,6.787152587890624e-06
0.06809523809523821,4.589889160156247e-06
0.06890109890109897,-9.76061523437508e-08
0.06970695970695973,-9.27683447265629e-07
0.0705128205128207,1.6113765136718712e-06
0.07131868131868146,2.8320784179687447e-06
0.07212454212454222,4.980513769531249e-06
0.07293040293040298,1.7578607421874963e-06
0.07373626373626374,-1.3183080566406317e-06
0.07454212454212472,5.957075292968752e-06
0.07534798534798548,6.787152587890624e-06
0.07615384615384624,3.955124169921874e-06
0.076959706959707,-2.3436976562500006e-06
0.07776556776556776,1.6113765136718712e-06
0.07857142857142874,3.710983789062496e-06
0.0793772893772895,6.347699902343748e-06
0.08018315018315025,3.9062960937500006e-06
0.08098901098901101,2.294969580078124e-06
0.08179487179487199,1.0254395996093705e-06
0.08260073260073275,4.0527803222656185e-06
0.08340659340659351,5.322310302734373e-06
0.08421245421245427,4.882857617187504e-06
0.08501831501831503,-2.587838037109378e-06
0.08582417582417601,4.3950268554687707e-07
0.08663003663003677,4.882857617187504e-06
0.08743589743589752,8.10551064453125e-06
0.08824175824175828,-1.5136203613281296e-06
0.08904761904761904,5.0000000001659824e-11
0.08985347985348002,4.887807617187434e-08
0.09065934065934078,5.712934912109375e-06
0.09146520146520154,3.6133276367187503e-06
0.0922710622710623,4.394576855468749e-06
0.09307692307692306,-1.4647922851562498e-06
0.09388278388278404,1.318408056640628e-06
0.0946886446886448,4.248092626953124e-06
0.09549450549450555,5.029341845703122e-06
0.09630036630036631,1.8555168945312486e-06
0.0971062271062273,-1.0253395996093743e-06
0.09791208791208805,9.277834472656252e-07
0.09871794871794881,7.568401806640629e-06
0.09952380952380957,4.345748779296876e-06
0.10032967032967033,-1.9526230468750327e-07
0.10113553113553131,-6.347149902343716e-07
0.10194139194139207,2.0508291992187463e-06
0.10274725274725283,2.5879380371093745e-06
0.10355311355311358,5.126997998046875e-06
0.10435897435897434,1.953173046875001e-06
0.10516483516483532,-2.0019011230468776e-06
0.10597069597069608,6.640668359374998e-06
0.10677655677655684,6.4453560546875e-06
0.1075824175824176,4.492233007812501e-06
0.10838827838827858,-2.099557275390623e-06
0.10919413919413934,1.6113765136718712e-06
0.1100000000000001,3.173874951171875e-06
0.11080586080586086,6.250043749999996e-06
0.11161172161172161,3.4180153320312524e-06
0.1124175824175826,2.8320784179687447e-06
0.11322344322344335,5.859869140625022e-07
0.11402930402930411,3.515671484374998e-06
0.11483516483516487,5.5176226074218705e-06
0.11564102564102563,4.492233007812501e-06
0.11644688644688661,-3.7597118652343794e-06
0.11725274725274737,1.2207519042968756e-06
0.11805860805860813,5.0781699218750015e-06
0.11886446886446889,7.519573730468749e-06
0.11967032967032987,-1.074167675781254e-06
0.12047619047619063,6.836430664062475e-07
0.12128205128205138,-9.76061523437508e-08
0.12208791208791214,5.029341845703122e-06
0.1228937728937729,3.5644995605468707e-06
0.12369963369963388,4.1016083984374985e-06
0.12450549450549464,-1.2206519042968722e-06
0.1253113553113554,1.6113765136718712e-06
0.12611721611721616,3.9062960937500006e-06
0.12692307692307692,4.687545312499999e-06
0.1277289377289379,2.148485351562499e-06
0.12853479853479866,-1.4643422851562348e-07
0.12934065934065941,5.859869140625022e-07
0.13014652014652017,8.789103710937502e-06
0.13095238095238093,4.443404931640621e-06
0.1317582417582419,4.887807617187434e-08
0.13256410256410267,-1.3183080566406317e-06
0.13336996336996343,2.685594189453127e-06
0.1341758241758242,1.8555168945312486e-06
0.13498168498168517,5.371138378906252e-06
0.13578754578754593,2.0508291992187463e-06
0.13659340659340669,-1.9526230468750327e-07
0.13739926739926744,5.0781699218750015e-06
0.1382051282051282,6.787152587890624e-06
0.13901098901098918,4.0527803222656185e-06
0.13981684981684994,-1.3183080566406317e-06
0.1406227106227107,1.0742676757812502e-06
0.14142857142857146,3.320359179687493e-06
0.14223443223443222,6.103559521484378e-06
0.1430402930402932,3.4180153320312524e-06
0.14384615384615396,1.2695799804687481e-06
0.14465201465201472,1.2207519042968756e-06
0.14545787545787547,4.394576855468749e-06
0.14626373626373645,4.980513769531249e-06
0.1470695970695972,4.394576855468749e-06
0.14787545787545797,-2.929184570312486e-07
0.14868131868131873,3.906746093749973e-07
0.1494871794871795,3.710983789062496e-06
0.15029304029304047,7.8125421875e-06
0.15109890109890123,-1.6601045898437547e-06
0.151904761904762,-2.929184570312486e-07
0.15271062271062275,-9.76061523437508e-08
0.1535164835164835,6.738324511718744e-06
0.15432234432234448,4.296920703124996e-06
0.15512820512820524,3.6133276367187503e-06
0.155934065934066,-9.765115234375017e-07
0.15673992673992676,9.277834472656252e-07
0.15754578754578774,2.4414538085937493e-06
0.1583516483516485,4.394576855468749e-06
0.15915750915750926,2.2461415039062442e-06
0.15996336996337002,5.0000000001659824e-11
0.16076923076923078,3.906746093749973e-07
0.16157509157509176,8.837931787109368e-06
0.16238095238095251,5.175826074218747e-06
0.16318681318681327,9.770615234374701e-08
0.16399267399267403,-1.1718238281249994e-06
0.1647985347985348,3.466843408203125e-06
0.16560439560439577,2.0508291992187463e-06
0.16641025641025653,5.273482226562493e-06
0.1672161172161173,2.2461415039062442e-06
0.16802197802197805,-8.300272949218765e-07
0.1688278388278388,5.5176226074218705e-06
0.16963369963369979,6.640668359374998e-06
0.17043956043956054,4.589889160156247e-06
0.1712454212454213,-1.5624484375000022e-06
0.17205128205128206,1.3672361328124935e-06
0.17285714285714304,3.320359179687493e-06
0.1736630036630038,6.4453560546875e-06
0.17446886446886456,3.8086399414062482e-06
0.17527472527472532,3.1250468749999954e-06
0.17608058608058608,1.6113765136718712e-06
0.17688644688644706,3.662155712890623e-06
0.17769230769230782,5.419966455078125e-06
0.17849816849816857,4.980513769531249e-06
0.17930402930402933,-2.0507291992187575e-06
0.1801098901098901,8.789553710937454e-07
0.18091575091575107,4.736373388671872e-06
0.18172161172161183,7.910198339843752e-06
0.1825274725274726,-1.9526230468750327e-07
0.18333333333333335,9.277834472656252e-07
0.18413919413919433,-2.440903808593759e-07
0.1849450549450551,4.931685693359369e-06
0.18575091575091585,4.0527803222656185e-06
0.1865567765567766,4.541061083984374e-06
0.18736263736263736,-1.2206519042968722e-06
0.18816849816849834,1.464892285156253e-06
0.1889743589743591,4.296920703124996e-06
0.18978021978021986,5.126997998046875e-06
0.19058608058608062,2.490281884765622e-06
0.19139194139194138,2.4419038085937927e-07
0.19219780219780236,1.2695799804687481e-06
0.19300366300366312,7.080121044921874e-06
0.19380952380952388,4.248092626953124e-06
0.19461538461538463,3.906746093749973e-07
0.19542124542124562,-1.4643422851562348e-07
0.19622710622710637,1.5625484374999984e-06
0.19703296703296713,2.5391099609375017e-06
0.1978388278388279,5.664106835937495e-06
0.19864468864468865,2.490281884765622e-06
0.19945054945054963,-1.4647922851562498e-06
0.2002564102564104,7.324261425781252e-06
0.19945054945054963,6.103559521484378e-06
0.19864468864468865,4.687545312499999e-06
0.1978388278388279,-1.2206519042968722e-06
0.19703296703296713,1.7578607421874963e-06
0.19622710622710637,2.5391099609375017e-06
0.19542124542124562,6.005903369140618e-06
0.19461538461538463,3.6133276367187503e-06
0.19380952380952388,3.02739072265625e-06
0.19300366300366312,7.812992187500001e-07
0.19219780219780236,3.173874951171875e-06
0.19139194139194138,5.322310302734373e-06
0.19058608058608062,4.980513769531249e-06
0.18978021978021986,-2.734322265625003e-06
0.1889743589743591,3.906746093749973e-07
0.18816849816849834,4.736373388671872e-06
0.18736263736263736,7.1289491210937465e-06
0.1865567765567766,1.465342285156197e-07
0.18575091575091585,1.0254395996093705e-06
0.1849450549450551,5.0000000001659824e-11
0.18413919413919433,4.492233007812501e-06
0.18333333333333335,3.7598118652343754e-06
0.1825274725274726,3.6133276367187503e-06
0.18172161172161183,-9.765115234375017e-07
0.18091575091575107,1.318408056640628e-06
0.1801098901098901,4.541061083984374e-06
0.17930402930402933,3.8086399414062482e-06
0.17849816849816857,2.148485351562499e-06
0.17769230769230782,-1.2206519042968722e-06
0.17688644688644706,6.348149902343678e-07
0.17608058608058608,4.7852014648437445e-06
0.17527472527472532,4.003952246093753e-06
0.17446886446886456,5.371588378906224e-07
0.1736630036630038,-9.76061523437508e-08
0.17285714285714304,7.812992187500001e-07
0.17205128205128206,4.443404931640621e-06
0.1712454212454213,4.296920703124996e-06
0.17043956043956054,1.318408056640628e-06
0.16963369963369979,-2.5390099609375057e-06
0.1688278388278388,5.810591064453121e-06
0.16802197802197805,5.029341845703122e-06
0.1672161172161173,5.0781699218750015e-06
0.16641025641025653,-1.3671361328124973e-06
0.16560439560439577,1.123095751953123e-06
0.1647985347985348,1.5137203613281258e-06
0.16399267399267403,5.273482226562493e-06
0.16318681318681327,3.515671484374998e-06
0.16238095238095251,2.2461415039062442e-06
0.16157509157509176,5.0000000001659824e-11
0.16076923076923078,2.685594189453127e-06
0.15996336996337002,4.7852014648437445e-06
0.15915750915750926,4.248092626953124e-06
0.1583516483516485,-3.4179153320312492e-06
0.15754578754578774,-2.440903808593759e-07
0.15673992673992676,4.0527803222656185e-06
0.155934065934066,6.982464892578122e-06
0.15512820512820524,-6.347149902343716e-07
0.15432234432234448,1.465342285156197e-07
0.1535164835164835,-5.85886914062506e-07
0.15271062271062275,4.0527803222656185e-06
0.151904761904762,3.4180153320312524e-06
0.15109890109890123,3.173874951171875e-06
0.15029304029304047,-1.8554168945312524e-06
0.1494871794871795,4.3950268554687707e-07
0.14868131868131873,3.2715311035156273e-06
0.14787545787545797,3.955124169921874e-06
0.1470695970695972,1.5137203613281258e-06
0.14626373626373645,-1.0253395996093743e-06
0.14545787545787547,5.0000000001659824e-11
0.14465201465201472,6.103559521484378e-06
0.14384615384615396,3.6133276367187503e-06
0.1430402930402932,-4.3940268554688087e-07
0.14223443223443222,-1.3183080566406317e-06
0.14142857142857146,9.766115234374979e-07
0.1406227106227107,2.0508291992187463e-06
0.13981684981684994,4.345748779296876e-06
0.13901098901098918,1.1719238281249956e-06
0.1382051282051282,-2.1972134277343755e-06
0.13739926739926744,5.224654150390627e-06
0.13659340659340669,5.224654150390627e-06
0.13578754578754593,3.466843408203125e-06
0.13498168498168517,-2.0019011230468776e-06
0.1341758241758242,4.3950268554687707e-07
0.13336996336996343,1.464892285156253e-06
0.13256410256410267,4.7852014648437445e-06
0.1317582417582419,3.4180153320312524e-06
0.13095238095238093,1.8555168945312486e-06
0.13014652014652017,-6.347149902343716e-07
0.12934065934065941,2.148485351562499e-06
0.12853479853479866,4.7852014648437445e-06
0.1277289377289379,3.5644995605468707e-06
0.12692307692307692,-4.3456487792968795e-06
0.12611721611721616,2.4419038085937927e-07
0.1253113553113554,4.0527803222656185e-06
0.12450549450549464,5.56645068359375e-06
0.12369963369963388,4.883307617187497e-07
0.1228937728937729,1.6113765136718712e-06
0.12208791208791214,-8.788553710937491e-07
0.12128205128205138,2.5879380371093745e-06
0.12047619047619063,4.248092626953124e-06
0.11967032967032987,1.9536230468749947e-07
0.11886446886446889,-2.2460415039062482e-06
0.11805860805860813,-1.4643422851562348e-07
0.11725274725274737,5.322310302734373e-06
0.11644688644688661,2.7832503417968724e-06
0.11564102564102563,1.123095751953123e-06
0.11483516483516487,-1.611276513671875e-06
0.11402930402930411,6.348149902343678e-07
0.11322344322344335,2.0508291992187463e-06
0.1124175824175826,3.1250468749999954e-06
0.11161172161172161,4.3950268554687707e-07
0.11080586080586086,-1.0253395996093743e-06
0.1100000000000001,-6.347149902343716e-07
0.10919413919413934,6.347699902343748e-06
0.10838827838827858,3.4180153320312524e-06
0.1075824175824176,-3.905746093750011e-07
0.10677655677655684,-2.8808064941406283e-06
0.10597069597069608,4.443404931640621e-06
0.10516483516483532,3.5644995605468707e-06
0.10435897435897434,4.003952246093753e-06
0.10355311355311358,-1.0253395996093743e-06
0.10274725274725283,9.770615234374701e-08
0.10194139194139207,9.770615234374701e-08
0.10113553113553131,5.029341845703122e-06
0.10032967032967033,2.4414538085937493e-06
0.09952380952380957,-6.347149902343716e-07
0.09871794871794881,-9.765115234375017e-07
0.09791208791208805,1.7090326660156235e-06
0.0971062271062273,4.882857617187504e-06
0.09630036630036631,2.7832503417968724e-06
0.09549450549450555,-2.1972134277343755e-06
0.0946886446886448,-3.417465332031284e-07
0.09388278388278404,3.2227030273437477e-06
0.09307692307692306,4.1016083984374985e-06
0.0922710622710623,2.148485351562499e-06
0.09146520146520154,-1.074167675781254e-06
0.09065934065934078,-1.2206519042968722e-06
0.08985347985348002,2.7344222656249996e-06
0.08904761904761904,6.054731445312498e-06
0.08824175824175828,-2.5390099609375057e-06
0.08743589743589752,-1.953073046874998e-06
0.08663003663003677,-1.415964208984377e-06
0.08582417582417601,4.736373388671872e-06
0.08501831501831503,2.2461415039062442e-06
0.08421245421245427,1.953173046875001e-06
0.08340659340659351,-2.441353808593746e-06
0.08260073260073275,4.883307617187497e-07
0.08179487179487199,1.6113765136718712e-06
0.08098901098901101,2.9785626464843703e-06
0.08018315018315025,4.3950268554687707e-07
0.0793772893772895,-1.4647922851562498e-06
0.07857142857142874,-3.417465332031284e-07
0.07776556776556776,6.591840283203126e-06
0.076959706959707,3.02739072265625e-06
0.07615384615384624,-1.3183080566406317e-06
0.07534798534798548,-2.5390099609375057e-06
0.07454212454212472,1.806688818359376e-06
0.07373626373626374,1.0254395996093705e-06
0.07293040293040298,3.662155712890623e-06
0.07212454212454222,1.9536230468749947e-07
0.07131868131868146,-1.7089326660156203e-06
0.0705128205128207,2.7832503417968724e-06
0.06970695970695973,5.175826074218747e-06
0.06890109890109897,2.7832503417968724e-06
0.06809523809523821,-2.636666113281251e-06
0.06728937728937745,-5.85886914062506e-07
0.06648351648351647,1.806688818359376e-06
0.06567765567765571,4.687545312499999e-06
0.06487179487179495,1.953173046875001e-06
0.0640659340659342,-3.417465332031284e-07
0.06326007326007344,-6.835430664062513e-07
0.062454212454212454,2.6367661132812472e-06
0.061648351648351696,3.8086399414062482e-06
0.06084249084249094,2.0508291992187463e-06
0.06003663003663018,-2.636666113281251e-06
0.05923076923076942,-8.300272949218765e-07
0.05842490842490844,1.5625484374999984e-06
0.05761904761904768,5.371138378906252e-06
0.05681318681318692,-2.441353808593746e-06
0.056007326007326164,-2.099557275390623e-06
0.05520146520146518,-1.3671361328124973e-06
0.054395604395604424,4.003952246093753e-06
0.053589743589743666,1.5137203613281258e-06
0.05278388278388291,2.099657275390619e-06
0.05197802197802215,-2.587838037109378e-06
0.05117216117216117,-3.905746093750011e-07
0.05036630036630041,1.7578607421874963e-06
0.04956043956043965,2.8320784179687447e-06
0.04875457875457889,9.770615234374701e-08
0.047948717948718134,-2.1972134277343755e-06
0.04714285714285715,-7.32371142578124e-07
0.046336996336996394,6.201215673828123e-06
0.045531135531135636,2.8809064941406247e-06
0.04472527472527488,-2.0507291992187575e-06
0.0439194139194139,-3.2226030273437513e-06
0.04311355311355314,1.1719238281249956e-06
0.04230769230769238,4.3950268554687707e-07
0.04150183150183162,3.0762187988281226e-06
0.04069597069597086,-6.347149902343716e-07
0.03989010989010988,-2.5390099609375057e-06
0.03908424908424912,2.9785626464843703e-06
0.038278388278388364,4.736373388671872e-06
0.037472527472527606,1.953173046875001e-06
0.03666666666666685,-3.6132276367187543e-06
0.03586080586080587,-4.882307617187465e-07
0.03505494505494511,1.6113765136718712e-06
0.03424908424908435,4.443404931640621e-06
0.03344322344322359,1.5625484374999984e-06
0.03263736263736283,-2.440903808593759e-07
0.03183150183150185,-9.27683447265629e-07
0.031025641025641093,1.953173046875001e-06
0.030219780219780334,3.466843408203125e-06
0.029413919413919576,2.099657275390619e-06
0.028608058608058595,-4.540961083984377e-06
0.027802197802197837,-1.415964208984377e-06
0.026996336996337078,3.2227030273437477e-06
0.02619047619047632,5.126997998046875e-06
0.02538461538461556,-2.441353808593746e-06
0.02457875457875458,-1.415964208984377e-06
0.02377289377289382,-1.269479980468752e-06
0.022967032967033063,2.7344222656249996e-06
0.022161172161172304,1.5625484374999984e-06
0.021355311355311546,1.2207519042968756e-06
0.020549450549450565,-3.6620557128906267e-06
0.019743589743589807,-5.85886914062506e-07
0.018937728937729048,3.2227030273437477e-06
0.01813186813186829,2.343797656249997e-06
0.01732600732600731,-3.417465332031284e-07
0.01652014652014655,-2.978462646484374e-06
0.01571428571428579,-9.27683447265629e-07
0.014908424908425033,4.003952246093753e-06
0.014102564102564275,2.3926257324218765e-06
0.013296703296703294,-2.2460415039062482e-06
0.012490842490842535,-2.929634570312501e-06
0.011684981684981777,-4.8778076171878125e-08
0.010879120879121018,1.7578607421874963e-06
0.01007326007326026,2.5879380371093745e-06
0.009267399267399279,-1.3671361328124973e-06
0.00846153846153852,-4.150336474609375e-06
0.007655677655677762,3.8574680175781206e-06
0.006849816849817003,3.955124169921874e-06
0.0060439560439560225,2.0508291992187463e-06
0.005238095238095264,-4.003852246093757e-06
0.004432234432234505,-7.32371142578124e-07
0.0036263736263737467,3.418465332031246e-07
0.002820512820512988,3.7598118652343754e-06
0.0020146520146520075,7.812992187500001e-07
0.001208791208791249,-5.85886914062506e-07
0.0004029304029304903,-1.415964208984377e-06
-0.00040293040293026827,1.2695799804687481e-06
-0.0012087912087910269,3.1250468749999954e-06
-0.0020146520146520075,1.7090326660156235e-06
-0.002820512820512766,-5.517522607421874e-06
-0.0036263736263735247,-2.0019011230468776e-06
-0.004432234432234283,3.173874951171875e-06
-0.005238095238095042,4.003952246093753e-06
-0.0060439560439560225,-9.27683447265629e-07
-0.006849816849816781,-9.76061523437508e-08
-0.00765567765567754,-1.7089326660156203e-06
-0.008461538461538298,1.4160642089843733e-06
-0.009267399267399279,2.9785626464843703e-06
-0.010073260073260037,-2.1972134277343755e-06
-0.010879120879120796,-3.7108837890624995e-06
-0.011684981684981555,-1.5624484375000022e-06
-0.012490842490842313,4.492233007812501e-06
-0.013296703296703294,1.8555168945312486e-06
-0.014102564102564052,-7.32371142578124e-07
-0.014908424908424811,-3.906196093749997e-06
-0.01571428571428557,-9.27683447265629e-07
-0.016520146520146328,7.812992187500001e-07
-0.01732600732600731,1.464892285156253e-06
-0.018131868131868067,-1.8554168945312524e-06
-0.018937728937728826,-2.441353808593746e-06
-0.019743589743589585,-1.611276513671875e-06
-0.020549450549450565,5.371138378906252e-06
-0.021355311355311324,2.099657275390619e-06
-0.022161172161172082,-2.441353808593746e-06
-0.02296703296703284,-4.833929541015628e-06
-0.0237728937728936,2.3926257324218765e-06
-0.02457875457875458,1.806688818359376e-06
-0.02538461538461534,2.490281884765622e-06
-0.026190476190476097,-2.294869580078128e-06
-0.026996336996336856,-1.611276513671875e-06
-0.027802197802197615,-1.0253395996093743e-06
-0.028608058608058595,4.1504364746093784e-06
-0.029413919413919354,6.348149902343678e-07
-0.030219780219780112,-2.636666113281251e-06
-0.03102564102564087,-2.1972134277343755e-06
-0.03183150183150185,7.812992187500001e-07
-0.03263736263736261,3.2715311035156273e-06
-0.03344322344322337,6.348149902343678e-07
-0.03424908424908413,-3.7597118652343794e-06
-0.035054945054944886,-1.7089326660156203e-06
-0.03586080586080587,2.148485351562499e-06
-0.036666666666666625,2.3926257324218765e-06
-0.037472527472527384,5.859869140625022e-07
-0.03827838827838814,-2.5390099609375057e-06
-0.0390842490842489,-2.587838037109378e-06
-0.03989010989010988,1.1719238281249956e-06
-0.04069597069597064,3.8574680175781206e-06
-0.0415018315018314,-3.955024169921877e-06
-0.04230769230769216,-3.808539941406252e-06
-0.043113553113552916,-2.734322265625003e-06
-0.0439194139194139,3.6133276367187503e-06
-0.044725274725274655,4.3950268554687707e-07
-0.045531135531135414,-4.8778076171878125e-08
-0.04633699633699617,-4.0526803222656225e-06
-0.04714285714285715,-8.300272949218765e-07
-0.04794871794871791,2.9301845703124485e-07
-0.04875457875457867,9.766115234374979e-07
-0.04956043956043943,-1.6601045898437547e-06
-0.05036630036630019,-2.8808064941406283e-06
-0.05117216117216117,-1.7577607421875e-06
-0.05197802197802193,4.931685693359369e-06
-0.052783882783882685,1.2695799804687481e-06
-0.053589743589743444,-3.076118798828126e-06
-0.0543956043956042,-4.296820703125e-06
-0.05520146520146518,4.3950268554687707e-07
-0.05600732600732594,-1.4643422851562348e-07
-0.0568131868131867,1.464892285156253e-06
-0.05761904761904746,-1.6601045898437547e-06
-0.05842490842490844,-3.027290722656254e-06
-0.0592307692307692,1.7090326660156235e-06
-0.06003663003662996,2.9297345703125047e-06
-0.060842490842490715,3.906746093749973e-07
-0.061648351648351474,-4.589789160156251e-06
-0.062454212454212454,-1.8554168945312524e-06
-0.06326007326007321,2.4419038085937927e-07
-0.06406593406593397,2.5879380371093745e-06
-0.06487179487179473,2.9301845703124485e-07
-0.06567765567765549,-1.1718238281249994e-06
-0.06648351648351647,-2.1483853515625027e-06
-0.06728937728937723,5.371588378906224e-07
-0.06809523809523799,1.5625484374999984e-06
-0.06890109890109875,4.3950268554687707e-07
-0.06970695970695973,-5.664006835937499e-06
-0.07051282051282048,-2.1483853515625027e-06
-0.07131868131868124,1.9043449707031214e-06
-0.072124542124542,3.320359179687493e-06
-0.07293040293040276,-3.027290722656254e-06
-0.07373626373626374,-2.441353808593746e-06
-0.0745421245421245,-3.027290722656254e-06
-0.07534798534798526,1.4160642089843733e-06
-0.07615384615384602,8.789553710937454e-07
-0.07695970695970678,1.9536230468749947e-07
-0.07776556776556776,-4.3456487792968795e-06
-0.07857142857142851,-1.7089326660156203e-06
-0.07937728937728927,1.5625484374999984e-06
-0.08018315018315003,9.277834472656252e-07
-0.08098901098901101,-1.5136203613281296e-06
-0.08179487179487177,-4.003852246093757e-06
-0.08260073260073253,-1.7577607421875e-06
-0.08340659340659329,2.002001123046874e-06
-0.08421245421245405,5.859869140625022e-07
-0.08501831501831503,-2.8808064941406283e-06
-0.08582417582417579,-3.4179153320312492e-06
-0.08663003663003654,-1.8554168945312524e-06
-0.0874358974358973,1.464892285156253e-06
-0.08824175824175806,1.464892285156253e-06
-0.08904761904761904,-2.1972134277343755e-06
-0.0898534798534798,-5.224554150390631e-06
-0.09065934065934056,2.490281884765622e-06
-0.09146520146520132,2.002001123046874e-06
-0.09227106227106208,9.766115234374979e-07
-0.09307692307692306,-4.150336474609375e-06
-0.09388278388278382,-2.0019011230468776e-06
-0.09468864468864457,-1.3183080566406317e-06
-0.09549450549450533,2.343797656249997e-06
-0.09630036630036631,-3.417465332031284e-07
-0.09710622710622707,-1.1718238281249994e-06
-0.09791208791208783,-2.1483853515625027e-06
-0.09871794871794859,-9.76061523437508e-08
-0.09952380952380935,1.4160642089843733e-06
-0.10032967032967033,3.906746093749973e-07
-0.09952380952380935,-6.29877182617188e-06
-0.09871794871794859,-2.5390099609375057e-06
-0.09791208791208783,1.6113765136718712e-06
-0.09710622710622707,2.5879380371093745e-06
-0.09630036630036631,-9.27683447265629e-07
-0.09549450549450533,-5.370588378906262e-07
-0.09468864468864457,-2.4901818847656257e-06
-0.09388278388278382,6.348149902343678e-07
-0.09307692307692306,1.6113765136718712e-06
-0.09227106227106208,-1.1229957519531268e-06
-0.09146520146520132,-4.003852246093757e-06
-0.09065934065934056,-1.7577607421875e-06
-0.0898534798534798,3.1250468749999954e-06
-0.08904761904761904,1.0742676757812502e-06
-0.08824175824175806,-8.300272949218765e-07
-0.0874358974358973,-3.5155714843750016e-06
-0.08663003663003654,-7.32371142578124e-07
-0.08582417582417579,7.812992187500001e-07
-0.08501831501831503,1.2207519042968756e-06
-0.08421245421245405,-1.5624484375000022e-06
-0.08340659340659329,-2.3925257324218806e-06
-0.08260073260073253,-1.415964208984377e-06
-0.08179487179487177,3.710983789062496e-06
-0.08098901098901101,1.6113765136718712e-06
-0.08018315018315003,-1.7577607421875e-06
-0.07937728937728927,-4.833929541015628e-06
-0.07857142857142851,3.8086399414062482e-06
-0.07776556776556776,3.02739072265625e-06
-0.07695970695970678,2.9297345703125047e-06
-0.07615384615384602,-2.4901818847656257e-06
-0.07534798534798526,-7.32371142578124e-07
-0.0745421245421245,-1.3183080566406317e-06
-0.07373626373626374,4.199264550781244e-06
-0.07293040293040276,9.277834472656252e-07
-0.072124542124542,-1.074167675781254e-06
-0.07131868131868124,-1.611276513671875e-06
-0.07051282051282048,9.277834472656252e-07
-0.06970695970695973,3.4180153320312524e-06
-0.06890109890109875,2.1973134277343786e-06
-0.06809523809523799,-4.0526803222656225e-06
-0.06728937728937723,-1.5136203613281296e-06
-0.06648351648351647,3.02739072265625e-06
-0.06567765567765549,3.5644995605468707e-06
-0.06487179487179473,7.324711425781274e-07
-0.06406593406593397,-8.788553710937491e-07
-0.06326007326007321,-1.5624484375000022e-06
-0.062454212454212454,2.099657275390619e-06
-0.061648351648351474,4.8340295410156245e-06
-0.060842490842490715,-3.027290722656254e-06
-0.06003663003662996,-2.734322265625003e-06
-0.0592307692307692,-1.7577607421875e-06
-0.05842490842490844,4.7852014648437445e-06
-0.05761904761904746,2.1973134277343786e-06
-0.0568131868131867,2.099657275390619e-06
-0.05600732600732594,-2.1483853515625027e-06
-0.05520146520146518,9.766115234374979e-07
-0.0543956043956042,1.3672361328124935e-06
-0.053589743589743444,2.9297345703125047e-06
-0.052783882783882685,6.348149902343678e-07
-0.05197802197802193,-7.32371142578124e-07
-0.05117216117216117,-9.76061523437508e-08
-0.05036630036630019,7.421917578124997e-06
-0.04956043956043943,3.0762187988281226e-06
-0.04875457875457867,-8.300272949218765e-07
-0.04794871794871791,-1.3671361328124973e-06
-0.04714285714285715,2.4414538085937493e-06
-0.04633699633699617,2.6367661132812472e-06
-0.045531135531135414,4.736373388671872e-06
-0.044725274725274655,1.0742676757812502e-06
-0.0439194139194139,-1.4643422851562348e-07
-0.043113553113552916,4.248092626953124e-06
-0.04230769230769216,6.738324511718744e-06
-0.0415018315018314,3.6133276367187503e-06
-0.04069597069597064,-1.6601045898437547e-06
-0.03989010989010988,9.766115234374979e-07
-0.0390842490842489,3.173874951171875e-06
-0.03827838827838814,5.224654150390627e-06
-0.037472527472527384,2.9297345703125047e-06
-0.036666666666666625,1.2207519042968756e-06
-0.03586080586080587,7.812992187500001e-07
-0.035054945054944886,4.0527803222656185e-06
-0.03424908424908413,5.468794531249997e-06
-0.03344322344322337,4.7852014648437445e-06
-0.03263736263736261,-2.0019011230468776e-06
-0.03183150183150185,3.418465332031246e-07
-0.03102564102564087,4.687545312499999e-06
-0.030219780219780112,7.373089501953124e-06
-0.029413919413919354,-3.417465332031284e-07
-0.028608058608058595,1.465342285156197e-07
-0.027802197802197615,1.2695799804687481e-06
-0.026996336996336856,5.322310302734373e-06
-0.026190476190476097,4.003952246093753e-06
-0.02538461538461534,4.345748779296876e-06
-0.02457875457875458,-1.2206519042968722e-06
-0.0237728937728936,1.7090326660156235e-06
-0.02296703296703284,4.980513769531249e-06
-0.022161172161172082,4.980513769531249e-06
-0.021355311355311324,2.490281884765622e-06
-0.020549450549450565,-2.440903808593759e-07
-0.019743589743589585,2.148485351562499e-06
-0.018937728937728826,6.005903369140618e-06
-0.018131868131868067,3.955124169921874e-06
-0.01732600732600731,1.2695799804687481e-06
-0.016520146520146328,1.4160642089843733e-06
-0.01571428571428557,2.2461415039062442e-06
-0.014908424908424811,6.396527978515621e-06
-0.014102564102564052,5.371138378906252e-06
-0.013296703296703294,2.2461415039062442e-06
-0.012490842490842313,-5.370588378906262e-07
-0.011684981684981555,7.8125421875e-06
-0.010879120879120796,6.9336368164062486e-06
-0.010073260073260037,6.640668359374998e-06
-0.009267399267399279,7.812992187500001e-07
-0.008461538461538298,2.2461415039062442e-06
-0.00765567765567754,2.5879380371093745e-06
