# Params: min_volt -0.4 max_volt 0.4 start_volt 0.0 scan_rate 0.05 direction down num_cycles 1
Stimulation voltage (V),Measured current(A)
-0.00040293040293026827,-0.0024269994761230472
0.0004029304029304903,7.812992187500001e-07
0.001208791208791249,5.371588378906224e-07
0.0020146520146520075,4.883307617187497e-07
0.002820512820512988,5.371588378906224e-07
0.0036263736263737467,7.324711425781274e-07
0.004432234432234505,6.836430664062475e-07
0.005238095238095264,6.836430664062475e-07
0.0060439560439560225,8.789553710937454e-07
0.006849816849817003,7.324711425781274e-07
0.007655677655677762,8.301272949218728e-07
0.00846153846153852,9.277834472656252e-07
0.009267399267399279,6.836430664062475e-07
0.01007326007326026,8.301272949218728e-07
0.010879120879121018,8.301272949218728e-07
0.011684981684981777,8.789553710937454e-07
0.012490842490842535,8.301272949218728e-07
0.013296703296703294,8.301272949218728e-07
0.014102564102564275,8.301272949218728e-07
0.014908424908425033,8.301272949218728e-07
0.01571428571428579,9.766115234374979e-07
0.01652014652014655,9.277834472656252e-07
0.01732600732600731,8.301272949218728e-07
0.01813186813186829,9.277834472656252e-07
0.018937728937729048,1.123095751953123e-06
0.019743589743589807,1.0742676757812502e-06
0.020549450549450565,1.0254395996093705e-06
0.021355311355311546,1.123095751953123e-06
0.022161172161172304,1.0254395996093705e-06
0.022967032967033063,9.766115234374979e-07
0.02377289377289382,1.123095751953123e-06
0.02457875457875458,1.0742676757812502e-06
0.02538461538461556,1.1719238281249956e-06
0.02619047619047632,2.9301845703124485e-07
0.026996336996337078,1.0742676757812502e-06
0.027802197802197837,1.0742676757812502e-06
0.028608058608058595,1.2695799804687481e-06
0.029413919413919576,1.318408056640628e-06
0.030219780219780334,1.1719238281249956e-06
0.031025641025641093,1.318408056640628e-06
0.03183150183150185,1.2695799804687481e-06
0.03263736263736283,1.3672361328124935e-06
0.03344322344322359,1.2207519042968756e-06
0.03424908424908435,1.318408056640628e-06
0.03505494505494511,1.318408056640628e-06
0.03586080586080587,1.318408056640628e-06
0.03666666666666685,1.3672361328124935e-06
0.037472527472527606,1.4160642089843733e-06
0.038278388278388364,1.318408056640628e-06
0.03908424908424912,1.5137203613281258e-06
0.03989010989010988,1.464892285156253e-06
0.04069597069597086,1.5137203613281258e-06
0.04150183150183162,1.5137203613281258e-06
0.04230769230769238,1.464892285156253e-06
0.04311355311355314,1.464892285156253e-06
0.0439194139194139,1.464892285156253e-06
0.04472527472527488,1.464892285156253e-06
0.045531135531135636,1.6113765136718712e-06
0.046336996336996394,1.5137203613281258e-06
0.04714285714285715,1.5137203613281258e-06
0.047948717948718134,1.6113765136718712e-06
0.04875457875457889,1.7578607421874963e-06
0.04956043956043965,1.6113765136718712e-06
0.05036630036630041,1.5625484374999984e-06
0.05117216117216117,1.660204589843751e-06
0.05197802197802215,1.7090326660156235e-06
0.05278388278388291,1.7578607421874963e-06
0.053589743589743666,1.5625484374999984e-06
0.054395604395604424,1.660204589843751e-06
0.05520146520146518,1.660204589843751e-06
0.056007326007326164,1.8555168945312486e-06
0.05681318681318692,1.806688818359376e-06
0.05761904761904768,1.8555168945312486e-06
0.05842490842490844,1.7578607421874963e-06
0.05923076923076942,1.806688818359376e-06
0.06003663003663018,1.806688818359376e-06
0.06084249084249094,1.9043449707031214e-06
0.061648351648351696,1.9043449707031214e-06
0.062454212454212454,1.7090326660156235e-06
0.06326007326007344,1.8555168945312486e-06
0.0640659340659342,1.9043449707031214e-06
0.06487179487179495,1.8555168945312486e-06
0.06567765567765571,2.002001123046874e-06
0.06648351648351647,1.953173046875001e-06
0.06728937728937745,1.9043449707031214e-06
0.06809523809523821,2.0508291992187463e-06
0.06890109890109897,2.0508291992187463e-06
0.06970695970695973,2.099657275390619e-06
0.0705128205128207,2.002001123046874e-06
0.07131868131868146,2.099657275390619e-06
0.07212454212454222,2.1973134277343786e-06
0.07293040293040298,2.2461415039062442e-06
0.07373626373626374,2.2461415039062442e-06
0.07454212454212472,2.2461415039062442e-06
0.07534798534798548,2.1973134277343786e-06
0.07615384615384624,2.1973134277343786e-06
0.076959706959707,2.2461415039062442e-06
0.07776556776556776,2.5391099609375017e-06
0.07857142857142874,2.343797656249997e-06
0.0793772893772895,2.294969580078124e-06
0.08018315018315025,1.7090326660156235e-06
0.08098901098901101,2.343797656249997e-06
0.08179487179487199,2.2461415039062442e-06
0.08260073260073275,2.294969580078124e-06
0.08340659340659351,2.490281884765622e-06
0.08421245421245427,2.5391099609375017e-06
0.08501831501831503,2.490281884765622e-06
0.08582417582417601,2.4414538085937493e-06
0.08663003663003677,2.5391099609375017e-06
0.08743589743589752,2.5879380371093745e-06
0.08824175824175828,2.4414538085937493e-06
0.08904761904761904,2.6367661132812472e-06
0.08985347985348002,2.3926257324218765e-06
0.09065934065934078,2.6367661132812472e-06
0.09146520146520154,2.5391099609375017e-06
0.0922710622710623,2.5879380371093745e-06
0.09307692307692306,2.685594189453127e-06
0.09388278388278404,2.5879380371093745e-06
0.0946886446886448,2.6367661132812472e-06
0.09549450549450555,2.685594189453127e-06
0.09630036630036631,2.685594189453127e-06
0.0971062271062273,2.7344222656249996e-06
0.09791208791208805,2.685594189453127e-06
0.09871794871794881,2.8320784179687447e-06
0.09952380952380957,2.7344222656249996e-06
0.10032967032967033,2.7832503417968724e-06
0.10113553113553131,2.8809064941406247e-06
0.10194139194139207,2.7832503417968724e-06
0.10274725274725283,2.685594189453127e-06
0.10355311355311358,2.7832503417968724e-06
0.10435897435897434,2.8809064941406247e-06
0.10516483516483532,2.7832503417968724e-06
0.10597069597069608,2.6367661132812472e-06
0.10677655677655684,2.7832503417968724e-06
0.1075824175824176,2.7832503417968724e-06
0.10838827838827858,2.8320784179687447e-06
0.10919413919413934,2.9785626464843703e-06
0.1100000000000001,2.9297345703125047e-06
0.11080586080586086,2.8809064941406247e-06
0.11161172161172161,2.8320784179687447e-06
0.1124175824175826,3.02739072265625e-06
0.11322344322344335,2.9785626464843703e-06
0.11402930402930411,3.173874951171875e-06
0.11483516483516487,2.8809064941406247e-06
0.11564102564102563,2.9785626464843703e-06
0.11644688644688661,3.1250468749999954e-06
0.11725274725274737,3.1250468749999954e-06
0.11805860805860813,3.173874951171875e-06
0.11886446886446889,3.0762187988281226e-06
0.11967032967032987,3.1250468749999954e-06
0.12047619047619063,3.2227030273437477e-06
0.12128205128205138,3.173874951171875e-06
0.12208791208791214,3.2715311035156273e-06
0.1228937728937729,3.02739072265625e-06
0.12369963369963388,3.0762187988281226e-06
0.12450549450549464,3.173874951171875e-06
0.1253113553113554,3.1250468749999954e-06
0.12611721611721616,3.2715311035156273e-06
0.12692307692307692,3.2227030273437477e-06
0.1277289377289379,3.2715311035156273e-06
0.12853479853479866,3.2715311035156273e-06
0.12934065934065941,3.955124169921874e-06
0.13014652014652017,3.320359179687493e-06
0.13095238095238093,3.4180153320312524e-06
0.1317582417582419,3.6133276367187503e-06
0.13256410256410267,3.369187255859373e-06
0.13336996336996343,3.4180153320312524e-06
0.1341758241758242,3.4180153320312524e-06
0.13498168498168517,3.369187255859373e-06
0.13578754578754593,3.369187255859373e-06
0.13659340659340669,3.4180153320312524e-06
0.13739926739926744,3.5644995605468707e-06
0.1382051282051282,3.466843408203125e-06
0.13901098901098918,3.4180153320312524e-06
0.13981684981684994,3.4180153320312524e-06
0.1406227106227107,3.515671484374998e-06
0.14142857142857146,3.369187255859373e-06
0.14223443223443222,3.466843408203125e-06
0.1430402930402932,3.5644995605468707e-06
0.14384615384615396,3.5644995605468707e-06
0.14465201465201472,3.710983789062496e-06
0.14545787545787547,3.662155712890623e-06
0.14626373626373645,3.662155712890623e-06
0.1470695970695972,3.710983789062496e-06
0.14787545787545797,3.515671484374998e-06
0.14868131868131873,3.710983789062496e-06
0.1494871794871795,3.710983789062496e-06
0.15029304029304047,3.710983789062496e-06
0.15109890109890123,3.662155712890623e-06
0.151904761904762,3.662155712890623e-06
0.15271062271062275,3.662155712890623e-06
0.1535164835164835,3.8086399414062482e-06
0.15432234432234448,3.662155712890623e-06
0.15512820512820524,3.7598118652343754e-06
0.155934065934066,3.710983789062496e-06
0.15673992673992676,3.7598118652343754e-06
0.15754578754578774,4.003952246093753e-06
0.1583516483516485,3.8086399414062482e-06
0.15915750915750926,3.8086399414062482e-06
0.15996336996337002,3.7598118652343754e-06
0.16076923076923078,4.003952246093753e-06
0.16157509157509176,3.8086399414062482e-06
0.16238095238095251,3.955124169921874e-06
0.16318681318681327,3.8086399414062482e-06
0.16399267399267403,3.8574680175781206e-06
0.1647985347985348,3.955124169921874e-06
0.16560439560439577,3.9062960937500006e-06
0.16641025641025653,4.1016083984374985e-06
0.1672161172161173,3.955124169921874e-06
0.16802197802197805,3.8574680175781206e-06
0.1688278388278388,4.0527803222656185e-06
0.16963369963369979,4.1016083984374985e-06
0.17043956043956054,4.0527803222656185e-06
0.1712454212454213,4.0527803222656185e-06
0.17205128205128206,3.955124169921874e-06
0.17285714285714304,3.955124169921874e-06
0.1736630036630038,4.003952246093753e-06
0.17446886446886456,4.003952246093753e-06
0.17527472527472532,4.003952246093753e-06
0.17608058608058608,4.1504364746093784e-06
0.17688644688644706,4.1504364746093784e-06
0.17769230769230782,4.1504364746093784e-06
0.17849816849816857,4.1016083984374985e-06
0.17930402930402933,4.0527803222656185e-06
0.1801098901098901,4.1504364746093784e-06
0.18091575091575107,4.394576855468749e-06
0.18172161172161183,4.248092626953124e-06
0.1825274725274726,4.003952246093753e-06
0.18333333333333335,4.541061083984374e-06
0.18413919413919433,4.1016083984374985e-06
0.1849450549450551,4.1016083984374985e-06
0.18575091575091585,3.662155712890623e-06
0.1865567765567766,4.1504364746093784e-06
0.18736263736263736,4.248092626953124e-06
0.18816849816849834,4.1504364746093784e-06
0.1889743589743591,4.199264550781244e-06
0.18978021978021986,4.394576855468749e-06
0.19058608058608062,4.345748779296876e-06
0.19139194139194138,4.199264550781244e-06
0.19219780219780236,4.394576855468749e-06
0.19300366300366312,4.248092626953124e-06
0.19380952380952388,4.345748779296876e-06
0.19461538461538463,4.248092626953124e-06
0.19542124542124562,4.345748779296876e-06
0.19622710622710637,4.296920703124996e-06
0.19703296703296713,4.345748779296876e-06
0.1978388278388279,4.443404931640621e-06
0.19864468864468865,4.443404931640621e-06
0.19945054945054963,4.345748779296876e-06
0.2002564102564104,4.199264550781244e-06
0.20106227106227115,4.345748779296876e-06
0.2018681318681319,4.589889160156247e-06
0.20267399267399266,4.296920703124996e-06
0.20347985347985365,4.345748779296876e-06
0.2042857142857144,4.443404931640621e-06
0.20509157509157516,4.443404931640621e-06
0.20589743589743592,4.492233007812501e-06
0.20670329670329668,4.394576855468749e-06
0.20750915750915766,4.296920703124996e-06
0.20831501831501842,4.296920703124996e-06
0.20912087912087918,4.589889160156247e-06
0.20992673992673994,4.443404931640621e-06
0.21073260073260092,4.589889160156247e-06
0.21153846153846168,4.492233007812501e-06
0.21234432234432243,4.345748779296876e-06
0.2131501831501832,4.589889160156247e-06
0.21395604395604395,4.492233007812501e-06
0.21476190476190493,4.638717236328127e-06
0.2155677655677657,4.492233007812501e-06
0.21637362637362645,4.541061083984374e-06
0.2171794871794872,4.492233007812501e-06
0.21798534798534797,4.492233007812501e-06
0.21879120879120895,4.541061083984374e-06
0.2195970695970697,4.492233007812501e-06
0.22040293040293046,4.541061083984374e-06
0.22120879120879122,4.541061083984374e-06
0.2220146520146522,4.638717236328127e-06
0.22282051282051296,4.541061083984374e-06
0.22362637362637372,4.541061083984374e-06
0.22443223443223448,4.638717236328127e-06
0.22523809523809524,4.736373388671872e-06
0.22604395604395622,4.541061083984374e-06
0.22684981684981698,4.638717236328127e-06
0.22765567765567774,4.589889160156247e-06
0.2284615384615385,4.443404931640621e-06
0.22926739926739925,4.541061083984374e-06
0.23007326007326023,4.589889160156247e-06
0.230879120879121,4.736373388671872e-06
0.23168498168498175,4.541061083984374e-06
0.2324908424908425,4.736373388671872e-06
0.2332967032967035,4.687545312499999e-06
0.23410256410256425,4.736373388671872e-06
0.234908424908425,4.882857617187504e-06
0.23571428571428577,4.541061083984374e-06
0.23652014652014652,4.492233007812501e-06
0.2373260073260075,5.029341845703122e-06
0.23813186813186826,4.8340295410156245e-06
0.23893772893772902,4.736373388671872e-06
0.23974358974358978,4.003952246093753e-06
0.24054945054945054,4.589889160156247e-06
0.24135531135531152,4.736373388671872e-06
0.24216117216117228,4.687545312499999e-06
0.24296703296703304,4.638717236328127e-06
0.2437728937728938,4.638717236328127e-06
0.24457875457875478,4.687545312499999e-06
0.24538461538461553,4.7852014648437445e-06
0.2461904761904763,4.589889160156247e-06
0.24699633699633705,4.687545312499999e-06
0.2478021978021978,4.638717236328127e-06
0.2486080586080588,4.687545312499999e-06
0.24941391941391955,4.7852014648437445e-06
0.2502197802197803,4.736373388671872e-06
0.25102564102564107,4.638717236328127e-06
0.2518315018315018,4.7852014648437445e-06
0.2526373626373628,4.8340295410156245e-06
0.25344322344322356,4.7852014648437445e-06
0.2542490842490843,4.687545312499999e-06
0.2550549450549451,4.7852014648437445e-06
0.25586080586080584,4.638717236328127e-06
0.2566666666666668,4.736373388671872e-06
0.2574725274725276,4.7852014648437445e-06
0.25827838827838834,4.736373388671872e-06
0.2590842490842491,4.7852014648437445e-06
0.2598901098901101,4.7852014648437445e-06
0.26069597069597084,4.687545312499999e-06
0.2615018315018316,4.7852014648437445e-06
0.26230769230769235,4.736373388671872e-06
0.2631135531135531,4.8340295410156245e-06
0.2639194139194141,4.687545312499999e-06
0.26472527472527485,4.736373388671872e-06
0.2655311355311356,4.7852014648437445e-06
0.26633699633699637,4.980513769531249e-06
0.2671428571428571,4.8340295410156245e-06
0.2679487179487181,4.8340295410156245e-06
0.26875457875457887,4.7852014648437445e-06
0.2695604395604396,4.7852014648437445e-06
0.2703663003663004,4.7852014648437445e-06
0.27117216117216136,4.882857617187504e-06
0.2719780219780221,4.8340295410156245e-06
0.2727838827838829,4.736373388671872e-06
0.27358974358974364,4.7852014648437445e-06
0.2743956043956044,4.980513769531249e-06
0.2752014652014654,4.736373388671872e-06
0.27600732600732614,4.687545312499999e-06
0.2768131868131869,4.7852014648437445e-06
0.27761904761904765,4.7852014648437445e-06
0.2784249084249084,4.736373388671872e-06
0.2792307692307694,4.882857617187504e-06
0.28003663003663015,4.687545312499999e-06
0.2808424908424909,4.736373388671872e-06
0.28164835164835167,4.7852014648437445e-06
0.28245421245421265,4.931685693359369e-06
0.2832600732600734,4.8340295410156245e-06
0.28406593406593417,4.931685693359369e-06
0.2848717948717949,4.882857617187504e-06
0.2856776556776557,4.931685693359369e-06
0.28648351648351666,4.931685693359369e-06
0.2872893772893774,4.7852014648437445e-06
0.2880952380952382,4.931685693359369e-06
0.28890109890109894,5.0781699218750015e-06
0.2897069597069597,4.7852014648437445e-06
0.2905128205128207,4.7852014648437445e-06
0.29131868131868144,4.638717236328127e-06
0.2921245421245422,4.8340295410156245e-06
0.29293040293040296,4.7852014648437445e-06
0.2937362637362637,4.736373388671872e-06
0.2945421245421247,4.7852014648437445e-06
0.29534798534798545,4.882857617187504e-06
0.2961538461538462,4.882857617187504e-06
0.29695970695970697,4.7852014648437445e-06
0.29776556776556795,4.7852014648437445e-06
0.2985714285714287,4.7852014648437445e-06
0.29937728937728947,4.931685693359369e-06
0.3001831501831502,4.7852014648437445e-06
0.300989010989011,4.882857617187504e-06
0.30179487179487197,4.7852014648437445e-06
0.3026007326007327,4.8340295410156245e-06
0.3034065934065935,4.931685693359369e-06
0.30421245421245424,4.736373388671872e-06
0.305018315018315,4.7852014648437445e-06
0.305824175824176,4.8340295410156245e-06
0.30663003663003674,4.7852014648437445e-06
0.3074358974358975,4.8340295410156245e-06
0.30824175824175826,4.687545312499999e-06
0.30904761904761924,4.736373388671872e-06
0.30985347985348,4.882857617187504e-06
0.31065934065934075,4.736373388671872e-06
0.3114652014652015,4.638717236328127e-06
0.31227106227106227,4.736373388671872e-06
0.31307692307692325,4.638717236328127e-06
0.313882783882784,4.638717236328127e-06
0.31468864468864477,4.589889160156247e-06
0.31549450549450553,4.736373388671872e-06
0.3163003663003663,4.687545312499999e-06
0.31710622710622727,4.638717236328127e-06
0.317912087912088,4.8340295410156245e-06
0.3187179487179488,4.736373388671872e-06
0.31952380952380954,4.736373388671872e-06
0.3203296703296705,4.687545312499999e-06
0.3211355311355313,4.687545312499999e-06
0.32194139194139204,4.638717236328127e-06
0.3227472527472528,4.736373388671872e-06
0.32355311355311356,4.736373388671872e-06
0.32435897435897454,4.687545312499999e-06
0.3251648351648353,4.638717236328127e-06
0.32597069597069606,4.736373388671872e-06
0.3267765567765568,4.8340295410156245e-06
0.3275824175824176,4.687545312499999e-06
0.32838827838827855,4.7852014648437445e-06
0.3291941391941393,4.687545312499999e-06
0.33000000000000007,4.638717236328127e-06
0.33080586080586083,4.638717236328127e-06
0.3316117216117216,4.7852014648437445e-06
0.33241758241758257,4.589889160156247e-06
0.3332234432234433,4.687545312499999e-06
0.3340293040293041,4.736373388671872e-06
0.33483516483516484,4.687545312499999e-06
0.3356410256410258,4.736373388671872e-06
0.3364468864468866,4.638717236328127e-06
0.33725274725274734,4.638717236328127e-06
0.3380586080586081,4.589889160156247e-06
0.33886446886446886,4.687545312499999e-06
0.33967032967032984,4.8340295410156245e-06
0.3404761904761906,4.687545312499999e-06
0.34128205128205136,4.541061083984374e-06
0.3420879120879121,4.589889160156247e-06
0.3428937728937729,5.0781699218750015e-06
0.34369963369963386,4.687545312499999e-06
0.3445054945054946,4.589889160156247e-06
0.3453113553113554,4.1504364746093784e-06
0.34611721611721613,4.638717236328127e-06
0.3469230769230771,4.589889160156247e-06
0.34772893772893787,4.541061083984374e-06
0.34853479853479863,4.687545312499999e-06
0.3493406593406594,4.589889160156247e-06
0.35014652014652015,4.638717236328127e-06
0.3509523809523811,4.638717236328127e-06
0.35175824175824166,4.736373388671872e-06
0.35256410256410264,4.638717236328127e-06
0.3533699633699636,4.638717236328127e-06
0.35417582417582416,4.638717236328127e-06
0.35498168498168514,4.687545312499999e-06
0.3557875457875457,4.394576855468749e-06
0.35659340659340666,4.492233007812501e-06
0.35739926739926764,4.492233007812501e-06
0.3582051282051282,4.492233007812501e-06
0.35901098901098916,4.541061083984374e-06
0.3598168498168497,4.589889160156247e-06
0.3606227106227107,4.492233007812501e-06
0.36142857142857165,4.492233007812501e-06
0.3622344322344322,4.589889160156247e-06
0.36304029304029317,4.492233007812501e-06
0.36384615384615415,4.492233007812501e-06
0.3646520146520147,4.492233007812501e-06
0.36545787545787567,4.492233007812501e-06
0.3662637362637362,4.541061083984374e-06
0.3670695970695972,4.638717236328127e-06
0.36787545787545817,4.443404931640621e-06
0.3686813186813187,4.443404931640621e-06
0.3694871794871797,4.541061083984374e-06
0.3702930402930402,4.443404931640621e-06
0.3710989010989012,4.541061083984374e-06
0.3719047619047622,4.443404931640621e-06
0.3727106227106227,4.443404931640621e-06
0.3735164835164837,4.492233007812501e-06
0.37432234432234424,4.443404931640621e-06
0.3751282051282052,4.589889160156247e-06
0.3759340659340662,4.492233007812501e-06
0.37673992673992673,4.541061083984374e-06
0.3775457875457877,4.394576855468749e-06
0.37835164835164825,4.443404931640621e-06
0.37915750915750923,4.589889160156247e-06
0.3799633699633702,4.394576855468749e-06
0.38076923076923075,4.541061083984374e-06
0.38157509157509173,4.394576855468749e-06
0.38238095238095227,4.345748779296876e-06
0.38318681318681325,4.492233007812501e-06
0.3839926739926742,4.394576855468749e-06
0.38479853479853476,4.443404931640621e-06
0.38560439560439574,4.394576855468749e-06
0.3864102564102563,4.345748779296876e-06
0.38721611721611726,4.541061083984374e-06
0.38802197802197824,4.345748779296876e-06
0.3888278388278388,4.394576855468749e-06
0.38963369963369976,4.345748779296876e-06
0.39043956043956074,4.394576855468749e-06
0.3912454212454213,4.443404931640621e-06
0.39205128205128226,4.394576855468749e-06
0.3928571428571428,4.248092626953124e-06
0.3936630036630038,4.296920703124996e-06
0.39446886446886475,4.345748779296876e-06
0.3952747252747253,4.296920703124996e-06
0.39608058608058627,4.345748779296876e-06
0.3968864468864468,4.589889160156247e-06
0.3976923076923078,4.296920703124996e-06
0.39849816849816877,4.443404931640621e-06
0.3993040293040293,4.394576855468749e-06
0.4001098901098903,4.296920703124996e-06
0.3993040293040293,4.296920703124996e-06
0.39849816849816877,4.345748779296876e-06
0.3976923076923078,4.1504364746093784e-06
0.3968864468864468,4.1016083984374985e-06
0.39608058608058627,4.1016083984374985e-06
0.3952747252747253,4.1016083984374985e-06
0.39446886446886475,3.9062960937500006e-06
0.3936630036630038,3.955124169921874e-06
0.3928571428571428,3.8574680175781206e-06
0.39205128205128226,3.8086399414062482e-06
0.3912454212454213,3.9062960937500006e-06
0.39043956043956074,3.9062960937500006e-06
0.38963369963369976,3.515671484374998e-06
0.3888278388278388,3.515671484374998e-06
0.38802197802197824,3.5644995605468707e-06
0.38721611721611726,3.515671484374998e-06
0.3864102564102563,3.515671484374998e-06
0.38560439560439574,3.2715311035156273e-06
0.38479853479853476,3.369187255859373e-06
0.3839926739926742,3.2715311035156273e-06
0.38318681318681325,3.4180153320312524e-06
0.38238095238095227,3.2227030273437477e-06
0.38157509157509173,3.0762187988281226e-06
0.38076923076923075,3.2715311035156273e-06
0.3799633699633702,3.2227030273437477e-06
0.37915750915750923,3.173874951171875e-06
0.37835164835164825,3.0762187988281226e-06
0.3775457875457877,3.02739072265625e-06
0.37673992673992673,3.02739072265625e-06
0.3759340659340662,3.0762187988281226e-06
0.3751282051282052,3.02739072265625e-06
0.37432234432234424,2.7832503417968724e-06
0.3735164835164837,2.9297345703125047e-06
0.3727106227106227,2.9785626464843703e-06
0.3719047619047622,2.8320784179687447e-06
0.3710989010989012,2.7832503417968724e-06
0.3702930402930402,2.8320784179687447e-06
0.3694871794871797,2.7344222656249996e-06
0.3686813186813187,2.8809064941406247e-06
0.36787545787545817,2.8320784179687447e-06
0.3670695970695972,2.6367661132812472e-06
0.3662637362637362,2.5879380371093745e-06
0.36545787545787567,2.5879380371093745e-06
0.3646520146520147,2.6367661132812472e-06
0.36384615384615415,2.685594189453127e-06
0.36304029304029317,2.490281884765622e-06
0.3622344322344322,2.490281884765622e-06
0.36142857142857165,2.6367661132812472e-06
0.3606227106227107,2.4414538085937493e-06
0.3598168498168497,2.5391099609375017e-06
0.35901098901098916,2.294969580078124e-06
0.3582051282051282,2.3926257324218765e-06
0.35739926739926764,2.5391099609375017e-06
0.35659340659340666,2.343797656249997e-06
0.3557875457875457,2.4414538085937493e-06
0.35498168498168514,2.343797656249997e-06
0.35417582417582416,2.3926257324218765e-06
0.3533699633699636,2.343797656249997e-06
0.35256410256410264,2.294969580078124e-06
0.35175824175824166,2.5879380371093745e-06
0.3509523809523811,2.294969580078124e-06
0.35014652014652015,2.343797656249997e-06
0.3493406593406594,2.0508291992187463e-06
0.34853479853479863,2.099657275390619e-06
0.34772893772893787,2.2461415039062442e-06
0.3469230769230771,2.1973134277343786e-06
0.34611721611721613,2.294969580078124e-06
0.3453113553113554,2.1973134277343786e-06
0.3445054945054946,2.0508291992187463e-06
0.34369963369963386,2.148485351562499e-06
0.3428937728937729,2.148485351562499e-06
0.3420879120879121,2.0508291992187463e-06
0.34128205128205136,2.099657275390619e-06
0.3404761904761906,2.0508291992187463e-06
0.33967032967032984,2.002001123046874e-06
0.33886446886446886,2.1973134277343786e-06
0.3380586080586081,2.099657275390619e-06
0.33725274725274734,1.953173046875001e-06
0.3364468864468866,1.953173046875001e-06
0.3356410256410258,2.0508291992187463e-06
0.33483516483516484,2.002001123046874e-06
0.3340293040293041,2.002001123046874e-06
0.3332234432234433,1.9043449707031214e-06
0.33241758241758257,2.0508291992187463e-06
0.3316117216117216,1.953173046875001e-06
0.33080586080586083,1.953173046875001e-06
0.33000000000000007,2.002001123046874e-06
0.3291941391941393,1.7090326660156235e-06
0.32838827838827855,1.953173046875001e-06
0.3275824175824176,1.7578607421874963e-06
0.3267765567765568,1.9043449707031214e-06
0.32597069597069606,1.8555168945312486e-06
0.3251648351648353,1.7090326660156235e-06
0.32435897435897454,1.806688818359376e-06
0.32355311355311356,1.8555168945312486e-06
0.3227472527472528,1.660204589843751e-06
0.32194139194139204,1.7090326660156235e-06
0.3211355311355313,1.6113765136718712e-06
0.3203296703296705,1.806688818359376e-06
0.31952380952380954,1.7578607421874963e-06
0.3187179487179488,1.7578607421874963e-06
0.317912087912088,1.5137203613281258e-06
0.31710622710622727,1.5625484374999984e-06
0.3163003663003663,1.5625484374999984e-06
0.31549450549450553,1.5625484374999984e-06
0.31468864468864477,1.6113765136718712e-06
0.313882783882784,1.464892285156253e-06
0.31307692307692325,1.6113765136718712e-06
0.31227106227106227,1.660204589843751e-06
0.3114652014652015,1.7090326660156235e-06
0.31065934065934075,1.3672361328124935e-06
0.30985347985348,1.6113765136718712e-06
0.30904761904761924,1.5625484374999984e-06
0.30824175824175826,1.660204589843751e-06
0.3074358974358975,1.7090326660156235e-06
0.30663003663003674,1.5625484374999984e-06
0.305824175824176,1.4160642089843733e-06
0.305018315018315,1.5625484374999984e-06
0.30421245421245424,1.660204589843751e-06
0.3034065934065935,1.3672361328124935e-06
0.3026007326007327,1.464892285156253e-06
0.30179487179487197,1.4160642089843733e-06
0.300989010989011,1.5137203613281258e-06
0.3001831501831502,1.5137203613281258e-06
0.29937728937728947,1.4160642089843733e-06
0.2985714285714287,1.318408056640628e-06
0.29776556776556795,1.6113765136718712e-06
0.29695970695970697,1.4160642089843733e-06
0.2961538461538462,1.464892285156253e-06
0.29534798534798545,1.318408056640628e-06
0.2945421245421247,1.3672361328124935e-06
0.2937362637362637,1.3672361328124935e-06
0.29293040293040296,1.2695799804687481e-06
0.2921245421245422,1.464892285156253e-06
0.29131868131868144,1.318408056640628e-06
0.2905128205128207,1.3672361328124935e-06
0.2897069597069597,1.2695799804687481e-06
0.28890109890109894,1.3672361328124935e-06
0.2880952380952382,1.4160642089843733e-06
0.2872893772893774,1.318408056640628e-06
0.28648351648351666,1.2695799804687481e-06
0.2856776556776557,1.3672361328124935e-06
0.2848717948717949,1.2695799804687481e-06
0.28406593406593417,1.2695799804687481e-06
0.2832600732600734,1.2695799804687481e-06
0.28245421245421265,1.318408056640628e-06
0.28164835164835167,1.1719238281249956e-06
0.2808424908424909,1.123095751953123e-06
0.28003663003663015,1.123095751953123e-06
0.2792307692307694,1.123095751953123e-06
0.2784249084249084,1.2695799804687481e-06
0.27761904761904765,1.0742676757812502e-06
0.2768131868131869,1.0254395996093705e-06
0.27600732600732614,1.0742676757812502e-06
0.2752014652014654,1.1719238281249956e-06
0.2743956043956044,1.123095751953123e-06
0.27358974358974364,9.766115234374979e-07
0.2727838827838829,9.766115234374979e-07
0.2719780219780221,8.789553710937454e-07
0.27117216117216136,8.789553710937454e-07
0.2703663003663004,1.0254395996093705e-06
0.2695604395604396,9.766115234374979e-07
0.26875457875457887,1.0254395996093705e-06
0.2679487179487181,1.0742676757812502e-06
0.2671428571428571,1.123095751953123e-06
0.26633699633699637,9.277834472656252e-07
0.2655311355311356,1.0254395996093705e-06
0.26472527472527485,8.789553710937454e-07
0.2639194139194141,1.0742676757812502e-06
0.2631135531135531,1.123095751953123e-06
0.26230769230769235,1.1719238281249956e-06
0.2615018315018316,9.766115234374979e-07
0.26069597069597084,9.766115234374979e-07
0.2598901098901101,9.277834472656252e-07
0.2590842490842491,9.766115234374979e-07
0.25827838827838834,9.277834472656252e-07
0.2574725274725276,8.301272949218728e-07
0.2566666666666668,9.277834472656252e-07
0.25586080586080584,7.812992187500001e-07
0.2550549450549451,9.766115234374979e-07
0.2542490842490843,8.789553710937454e-07
0.25344322344322356,7.812992187500001e-07
0.2526373626373628,9.766115234374979e-07
0.2518315018315018,8.789553710937454e-07
0.25102564102564107,7.812992187500001e-07
0.2502197802197803,8.301272949218728e-07
0.24941391941391955,8.301272949218728e-07
0.2486080586080588,7.812992187500001e-07
0.2478021978021978,6.836430664062475e-07
0.24699633699633705,8.301272949218728e-07
0.2461904761904763,9.766115234374979e-07
0.24538461538461553,7.324711425781274e-07
0.24457875457875478,7.324711425781274e-07
0.2437728937728938,-4.8778076171878125e-08
0.24296703296703304,6.348149902343678e-07
0.24216117216117228,7.812992187500001e-07
0.24135531135531152,9.277834472656252e-07
0.24054945054945054,6.348149902343678e-07
0.23974358974358978,7.324711425781274e-07
0.23893772893772902,7.812992187500001e-07
0.23813186813186826,7.812992187500001e-07
0.2373260073260075,7.812992187500001e-07
0.23652014652014652,6.348149902343678e-07
0.23571428571428577,6.836430664062475e-07
0.234908424908425,6.836430664062475e-07
0.23410256410256425,7.812992187500001e-07
0.2332967032967035,7.324711425781274e-07
0.2324908424908425,5.371588378906224e-07
0.23168498168498175,6.348149902343678e-07
0.230879120879121,6.836430664062475e-07
0.23007326007326023,6.836430664062475e-07
0.22926739926739925,6.836430664062475e-07
0.2284615384615385,4.3950268554687707e-07
0.22765567765567774,5.371588378906224e-07
0.22684981684981698,7.324711425781274e-07
0.22604395604395622,5.371588378906224e-07
0.22523809523809524,5.371588378906224e-07
0.22443223443223448,3.906746093749973e-07
0.22362637362637372,4.883307617187497e-07
0.22282051282051296,6.836430664062475e-07
0.2220146520146522,5.371588378906224e-07
0.22120879120879122,4.883307617187497e-07
0.22040293040293046,4.883307617187497e-07
0.2195970695970697,5.371588378906224e-07
0.21879120879120895,4.3950268554687707e-07
0.21798534798534797,4.883307617187497e-07
0.2171794871794872,5.859869140625022e-07
0.21637362637362645,5.371588378906224e-07
0.2155677655677657,4.883307617187497e-07
0.21476190476190493,4.883307617187497e-07
0.21395604395604395,4.3950268554687707e-07
0.2131501831501832,4.883307617187497e-07
0.21234432234432243,3.906746093749973e-07
0.21153846153846168,3.418465332031246e-07
0.21073260073260092,3.906746093749973e-07
0.20992673992673994,4.883307617187497e-07
0.20912087912087918,4.3950268554687707e-07
0.20831501831501842,4.3950268554687707e-07
0.20750915750915766,2.4419038085937927e-07
0.20670329670329668,4.883307617187497e-07
0.20589743589743592,4.883307617187497e-07
0.20509157509157516,4.883307617187497e-07
0.2042857142857144,4.883307617187497e-07
0.20347985347985365,2.4419038085937927e-07
0.20267399267399266,3.418465332031246e-07
0.2018681318681319,5.371588378906224e-07
0.20106227106227115,4.3950268554687707e-07
0.2002564102564104,3.418465332031246e-07
0.19945054945054963,3.418465332031246e-07
0.19864468864468865,3.906746093749973e-07
0.1978388278388279,4.3950268554687707e-07
0.19703296703296713,2.4419038085937927e-07
0.19622710622710637,2.4419038085937927e-07
0.19542124542124562,3.418465332031246e-07
0.19461538461538463,3.906746093749973e-07
0.19380952380952388,2.4419038085937927e-07
0.19300366300366312,2.4419038085937927e-07
0.19219780219780236,-4.3940268554688087e-07
0.19139194139194138,1.465342285156197e-07
0.19058608058608062,1.9536230468749947e-07
0.18978021978021986,-3.417465332031284e-07
0.1889743589743591,1.9536230468749947e-07
0.18816849816849834,9.770615234374701e-08
0.18736263736263736,2.4419038085937927e-07
0.1865567765567766,2.9301845703124485e-07
0.18575091575091585,1.9536230468749947e-07
0.1849450549450551,9.770615234374701e-08
0.18413919413919433,1.465342285156197e-07
0.18333333333333335,1.465342285156197e-07
0.1825274725274726,2.9301845703124485e-07
0.18172161172161183,1.9536230468749947e-07
0.18091575091575107,1.465342285156197e-07
0.1801098901098901,9.770615234374701e-08
0.17930402930402933,9.770615234374701e-08
0.17849816849816857,2.4419038085937927e-07
0.17769230769230782,4.887807617187434e-08
0.17688644688644706,4.887807617187434e-08
0.17608058608058608,5.0000000001659824e-11
0.17527472527472532,2.9301845703124485e-07
0.17446886446886456,1.465342285156197e-07
0.1736630036630038,9.770615234374701e-08
0.17285714285714304,9.770615234374701e-08
0.17205128205128206,4.887807617187434e-08
0.1712454212454213,-9.76061523437508e-08
0.17043956043956054,1.465342285156197e-07
0.16963369963369979,4.887807617187434e-08
0.1688278388278388,4.887807617187434e-08
0.16802197802197805,1.9536230468749947e-07
0.1672161172161173,4.887807617187434e-08
0.16641025641025653,5.0000000001659824e-11
0.16560439560439577,4.887807617187434e-08
0.1647985347985348,-9.76061523437508e-08
0.16399267399267403,5.0000000001659824e-11
0.16318681318681327,-9.76061523437508e-08
0.16238095238095251,-4.8778076171878125e-08
0.16157509157509176,-4.8778076171878125e-08
0.16076923076923078,9.770615234374701e-08
0.15996336996337002,-9.76061523437508e-08
0.15915750915750926,-4.8778076171878125e-08
0.1583516483516485,5.0000000001659824e-11
0.15754578754578774,5.0000000001659824e-11
0.15673992673992676,-1.4643422851562348e-07
0.155934065934066,-2.440903808593759e-07
0.15512820512820524,-4.8778076171878125e-08
0.15432234432234448,-1.4643422851562348e-07
0.1535164835164835,-2.440903808593759e-07
0.15271062271062275,-9.76061523437508e-08
0.151904761904762,-1.4643422851562348e-07
0.15109890109890123,-1.9526230468750327e-07
0.15029304029304047,5.0000000001659824e-11
0.1494871794871795,-4.8778076171878125e-08
0.14868131868131873,-4.8778076171878125e-08
0.14787545787545797,-9.76061523437508e-08
0.1470695970695972,-1.9526230468750327e-07
0.14626373626373645,-1.9526230468750327e-07
0.14545787545787547,-9.76061523437508e-08
0.14465201465201472,-2.440903808593759e-07
0.14384615384615396,-3.417465332031284e-07
0.1430402930402932,-1.4643422851562348e-07
0.14223443223443222,-2.440903808593759e-07
0.14142857142857146,-1.4643422851562348e-07
0.1406227106227107,-7.811992187500038e-07
0.13981684981684994,-2.440903808593759e-07
0.13901098901098918,-3.417465332031284e-07
0.1382051282051282,-6.347149902343716e-07
0.13739926739926744,-2.440903808593759e-07
0.13659340659340669,-2.440903808593759e-07
0.13578754578754593,-1.9526230468750327e-07
0.13498168498168517,-3.905746093750011e-07
0.1341758241758242,-2.929184570312486e-07
0.13336996336996343,-3.417465332031284e-07
0.13256410256410267,-2.440903808593759e-07
0.1317582417582419,-3.417465332031284e-07
0.13095238095238093,-4.882307617187465e-07
0.13014652014652017,-1.9526230468750327e-07
0.12934065934065941,-3.905746093750011e-07
0.12853479853479866,-2.440903808593759e-07
0.1277289377289379,-3.905746093750011e-07
0.12692307692307692,-4.3940268554688087e-07
0.12611721611721616,-3.417465332031284e-07
0.1253113553113554,-4.3940268554688087e-07
0.12450549450549464,-3.417465332031284e-07
0.12369963369963388,-5.370588378906262e-07
0.1228937728937729,-4.3940268554688087e-07
0.12208791208791214,-3.417465332031284e-07
0.12128205128205138,-2.929184570312486e-07
0.12047619047619063,-2.929184570312486e-07
0.11967032967032987,-3.417465332031284e-07
0.11886446886446889,-5.370588378906262e-07
0.11805860805860813,-3.905746093750011e-07
0.11725274725274737,-3.905746093750011e-07
0.11644688644688661,-3.417465332031284e-07
0.11564102564102563,-4.3940268554688087e-07
0.11483516483516487,-4.882307617187465e-07
0.11402930402930411,-2.440903808593759e-07
0.11322344322344335,-3.417465332031284e-07
0.1124175824175826,-4.3940268554688087e-07
0.11161172161172161,-4.3940268554688087e-07
0.11080586080586086,-5.370588378906262e-07
0.1100000000000001,-3.905746093750011e-07
0.10919413919413934,-4.3940268554688087e-07
0.10838827838827858,-5.85886914062506e-07
0.1075824175824176,-4.882307617187465e-07
0.10677655677655684,-5.85886914062506e-07
0.10597069597069608,-5.85886914062506e-07
0.10516483516483532,-4.3940268554688087e-07
0.10435897435897434,-4.3940268554688087e-07
0.10355311355311358,-5.370588378906262e-07
0.10274725274725283,-5.85886914062506e-07
0.10194139194139207,-5.85886914062506e-07
0.10113553113553131,-5.85886914062506e-07
0.10032967032967033,-6.347149902343716e-07
0.09952380952380957,-5.370588378906262e-07
0.09871794871794881,-5.85886914062506e-07
0.09791208791208805,-4.882307617187465e-07
0.0971062271062273,-5.85886914062506e-07
0.09630036630036631,-6.347149902343716e-07
0.09549450549450555,-6.835430664062513e-07
0.0946886446886448,-5.85886914062506e-07
0.09388278388278404,-5.85886914062506e-07
0.09307692307692306,-6.835430664062513e-07
0.0922710622710623,-8.300272949218765e-07
0.09146520146520154,-6.347149902343716e-07
0.09065934065934078,-6.835430664062513e-07
0.08985347985348002,-6.835430664062513e-07
0.08904761904761904,5.0000000001659824e-11
0.08824175824175828,-5.85886914062506e-07
0.08743589743589752,-6.835430664062513e-07
0.08663003663003677,-9.27683447265629e-07
0.08582417582417601,-7.811992187500038e-07
0.08501831501831503,-6.835430664062513e-07
0.08421245421245427,-9.27683447265629e-07
0.08340659340659351,-8.300272949218765e-07
0.08260073260073275,-6.835430664062513e-07
0.08179487179487199,-8.300272949218765e-07
0.08098901098901101,-5.85886914062506e-07
0.08018315018315025,-8.300272949218765e-07
0.0793772893772895,-8.300272949218765e-07
0.07857142857142874,-8.300272949218765e-07
0.07776556776556776,-7.811992187500038e-07
0.076959706959707,-7.811992187500038e-07
0.07615384615384624,-7.811992187500038e-07
0.07534798534798548,-7.32371142578124e-07
0.07454212454212472,-8.788553710937491e-07
0.07373626373626374,-8.300272949218765e-07
0.07293040293040298,-8.300272949218765e-07
0.07212454212454222,-8.300272949218765e-07
0.07131868131868146,-9.27683447265629e-07
0.0705128205128207,-9.765115234375017e-07
0.06970695970695973,-8.300272949218765e-07
0.06890109890109897,-8.300272949218765e-07
0.06809523809523821,-9.27683447265629e-07
0.06728937728937745,-1.074167675781254e-06
0.06648351648351647,-8.788553710937491e-07
0.06567765567765571,-9.765115234375017e-07
0.06487179487179495,-8.788553710937491e-07
0.0640659340659342,-7.811992187500038e-07
0.06326007326007344,-1.074167675781254e-06
0.062454212454212454,-1.074167675781254e-06
0.061648351648351696,-9.765115234375017e-07
0.06084249084249094,-8.788553710937491e-07
0.06003663003663018,-1.0253395996093743e-06
0.05923076923076942,-9.765115234375017e-07
0.05842490842490844,-8.788553710937491e-07
0.05761904761904768,-9.27683447265629e-07
0.05681318681318692,-9.27683447265629e-07
0.056007326007326164,-9.27683447265629e-07
0.05520146520146518,-1.074167675781254e-06
0.054395604395604424,-1.1229957519531268e-06
0.053589743589743666,-1.0253395996093743e-06
0.05278388278388291,-9.27683447265629e-07
0.05197802197802215,-9.765115234375017e-07
0.05117216117216117,-1.1229957519531268e-06
0.05036630036630041,-1.1718238281249994e-06
0.04956043956043965,-1.074167675781254e-06
0.04875457875457889,-9.765115234375017e-07
0.047948717948718134,-1.1718238281249994e-06
0.04714285714285715,-1.1229957519531268e-06
0.046336996336996394,-1.1718238281249994e-06
0.045531135531135636,-1.1718238281249994e-06
0.04472527472527488,-1.1229957519531268e-06
0.0439194139194139,-1.1718238281249994e-06
0.04311355311355314,-1.269479980468752e-06
0.04230769230769238,-1.2206519042968722e-06
0.04150183150183162,-1.1229957519531268e-06
0.04069597069597086,-1.1718238281249994e-06
0.03989010989010988,-1.0253395996093743e-06
0.03908424908424912,-1.3183080566406317e-06
0.038278388278388364,-1.1229957519531268e-06
0.037472527472527606,-6.347149902343716e-07
0.03666666666666685,-1.1718238281249994e-06
0.03586080586080587,-1.3183080566406317e-06
0.03505494505494511,-1.074167675781254e-06
0.03424908424908435,-1.2206519042968722e-06
0.03344322344322359,-1.269479980468752e-06
0.03263736263736283,-1.5624484375000022e-06
0.03183150183150185,-1.3671361328124973e-06
0.031025641025641093,-1.3183080566406317e-06
0.030219780219780334,-1.1718238281249994e-06
0.029413919413919576,-1.3183080566406317e-06
0.028608058608058595,-1.3183080566406317e-06
0.027802197802197837,-1.415964208984377e-06
0.026996336996337078,-1.269479980468752e-06
0.02619047619047632,-1.3183080566406317e-06
0.02538461538461556,-1.3183080566406317e-06
0.02457875457875458,-1.2206519042968722e-06
0.02377289377289382,-1.415964208984377e-06
0.022967032967033063,-1.5136203613281296e-06
0.022161172161172304,-1.3183080566406317e-06
0.021355311355311546,-1.3183080566406317e-06
0.020549450549450565,-1.4647922851562498e-06
0.019743589743589807,-1.3671361328124973e-06
0.018937728937729048,-1.415964208984377e-06
0.01813186813186829,-1.415964208984377e-06
0.01732600732600731,-1.5136203613281296e-06
0.01652014652014655,-1.3183080566406317e-06
0.01571428571428579,-1.4647922851562498e-06
0.014908424908425033,-1.4647922851562498e-06
0.014102564102564275,-1.5136203613281296e-06
0.013296703296703294,-1.3671361328124973e-06
0.012490842490842535,-1.3671361328124973e-06
0.011684981684981777,-1.4647922851562498e-06
0.010879120879121018,-1.5136203613281296e-06
0.01007326007326026,-1.5624484375000022e-06
0.009267399267399279,-1.4647922851562498e-06
0.00846153846153852,-1.415964208984377e-06
0.007655677655677762,-1.415964208984377e-06
0.006849816849817003,-1.611276513671875e-06
0.0060439560439560225,-1.5624484375000022e-06
0.005238095238095264,-1.5136203613281296e-06
0.004432234432234505,-1.5624484375000022e-06
0.0036263736263737467,-1.4647922851562498e-06
0.002820512820512988,-1.5624484375000022e-06
0.0020146520146520075,-1.8065888183593799e-06
0.001208791208791249,-1.7089326660156203e-06
0.0004029304029304903,-1.6601045898437547e-06
-0.00040293040293026827,-1.5136203613281296e-06
-0.0012087912087910269,-1.5624484375000022e-06
-0.0020146520146520075,-1.7577607421875e-06
-0.002820512820512766,-1.7089326660156203e-06
-0.0036263736263735247,-1.6601045898437547e-06
-0.004432234432234283,-1.611276513671875e-06
-0.005238095238095042,-1.6601045898437547e-06
-0.0060439560439560225,-1.8065888183593799e-06
-0.006849816849816781,-1.5136203613281296e-06
-0.00765567765567754,-1.8065888183593799e-06
-0.008461538461538298,-1.611276513671875e-06
-0.009267399267399279,-1.7577607421875e-06
-0.010073260073260037,-1.8554168945312524e-06
-0.010879120879120796,-1.7089326660156203e-06
-0.011684981684981555,-1.7089326660156203e-06
-0.012490842490842313,-1.7577607421875e-06
-0.013296703296703294,-1.6601045898437547e-06
-0.014102564102564052,-1.7089326660156203e-06
-0.014908424908424811,-1.7089326660156203e-06
-0.01571428571428557,-1.8554168945312524e-06
-0.016520146520146328,-1.7089326660156203e-06
-0.01732600732600731,-1.8065888183593799e-06
-0.018131868131868067,-1.8065888183593799e-06
-0.018937728937728826,-1.8554168945312524e-06
-0.019743589743589585,-1.8554168945312524e-06
-0.020549450549450565,-1.953073046874998e-06
-0.021355311355311324,-1.8065888183593799e-06
-0.022161172161172082,-2.0019011230468776e-06
-0.02296703296703284,-1.8065888183593799e-06
-0.0237728937728936,-1.953073046874998e-06
-0.02457875457875458,-1.8554168945312524e-06
-0.02538461538461534,-1.8065888183593799e-06
-0.026190476190476097,-1.953073046874998e-06
-0.026996336996336856,-1.953073046874998e-06
-0.027802197802197615,-2.0019011230468776e-06
-0.028608058608058595,-1.8065888183593799e-06
-0.029413919413919354,-1.953073046874998e-06
-0.030219780219780112,-1.9042449707031252e-06
-0.03102564102564087,-2.0507291992187575e-06
-0.03183150183150185,-1.8554168945312524e-06
-0.03263736263736261,-1.953073046874998e-06
-0.03344322344322337,-2.0019011230468776e-06
-0.03424908424908413,-1.953073046874998e-06
-0.035054945054944886,-1.953073046874998e-06
-0.03586080586080587,-1.9042449707031252e-06
-0.036666666666666625,-2.0019011230468776e-06
-0.037472527472527384,-2.0019011230468776e-06
-0.03827838827838814,-2.0019011230468776e-06
-0.0390842490842489,-2.0507291992187575e-06
-0.03989010989010988,-2.0019011230468776e-06
-0.04069597069597064,-2.099557275390623e-06
-0.0415018315018314,-2.1483853515625027e-06
-0.04230769230769216,-2.1972134277343755e-06
-0.043113553113552916,-2.099557275390623e-06
-0.0439194139194139,-2.1483853515625027e-06
-0.044725274725274655,-2.1483853515625027e-06
-0.045531135531135414,-2.099557275390623e-06
-0.04633699633699617,-2.099557275390623e-06
-0.04714285714285715,-2.099557275390623e-06
-0.04794871794871791,-2.1483853515625027e-06
-0.04875457875457867,-2.1972134277343755e-06
-0.04956043956043943,-2.0507291992187575e-06
-0.05036630036630019,-2.1483853515625027e-06
-0.05117216117216117,-2.1483853515625027e-06
-0.05197802197802193,-2.099557275390623e-06
-0.052783882783882685,-2.1483853515625027e-06
-0.053589743589743444,-2.1972134277343755e-06
-0.0543956043956042,-2.099557275390623e-06
-0.05520146520146518,-2.1972134277343755e-06
-0.05600732600732594,-2.2460415039062482e-06
-0.0568131868131867,-2.1483853515625027e-06
-0.05761904761904746,-2.099557275390623e-06
-0.05842490842490844,-2.2460415039062482e-06
-0.0592307692307692,-2.1483853515625027e-06
-0.06003663003662996,-2.0507291992187575e-06
-0.060842490842490715,-2.294869580078128e-06
-0.061648351648351474,-2.1972134277343755e-06
-0.062454212454212454,-2.294869580078128e-06
-0.06326007326007321,-2.3436976562500006e-06
-0.06406593406593397,-2.1972134277343755e-06
-0.06487179487179473,-2.2460415039062482e-06
-0.06567765567765549,-2.294869580078128e-06
-0.06648351648351647,-2.3925257324218806e-06
-0.06728937728937723,-2.441353808593746e-06
-0.06809523809523799,-2.294869580078128e-06
-0.06890109890109875,-2.3925257324218806e-06
-0.06970695970695973,-2.4901818847656257e-06
-0.07051282051282048,-2.1972134277343755e-06
-0.07131868131868124,-2.441353808593746e-06
-0.072124542124542,-2.3925257324218806e-06
-0.07293040293040276,-2.783150341796876e-06
-0.07373626373626374,-2.3436976562500006e-06
-0.0745421245421245,-2.4901818847656257e-06
-0.07534798534798526,-2.4901818847656257e-06
-0.07615384615384602,-2.3436976562500006e-06
-0.07695970695970678,-2.587838037109378e-06
-0.07776556776556776,-2.2460415039062482e-06
-0.07857142857142851,-2.4901818847656257e-06
-0.07937728937728927,-2.441353808593746e-06
-0.08018315018315003,-2.3925257324218806e-06
-0.08098901098901101,-2.5390099609375057e-06
-0.08179487179487177,-2.587838037109378e-06
-0.08260073260073253,-2.4901818847656257e-06
-0.08340659340659329,-2.4901818847656257e-06
-0.08421245421245405,-2.4901818847656257e-06
-0.08501831501831503,-2.4901818847656257e-06
-0.08582417582417579,-2.441353808593746e-06
-0.08663003663003654,-2.5390099609375057e-06
-0.0874358974358973,-2.587838037109378e-06
-0.08824175824175806,-2.3925257324218806e-06
-0.08904761904761904,-2.4901818847656257e-06
-0.0898534798534798,-2.3925257324218806e-06
-0.09065934065934056,-2.4901818847656257e-06
-0.09146520146520132,-2.734322265625003e-06
-0.09227106227106208,-2.3925257324218806e-06
-0.09307692307692306,-2.5390099609375057e-06
-0.09388278388278382,-2.5390099609375057e-06
-0.09468864468864457,-2.587838037109378e-06
-0.09549450549450533,-2.636666113281251e-06
-0.09630036630036631,-2.587838037109378e-06
-0.09710622710622707,-2.587838037109378e-06
-0.09791208791208783,-2.3925257324218806e-06
-0.09871794871794859,-2.4901818847656257e-06
-0.09952380952380935,-2.587838037109378e-06
-0.10032967032967033,-2.5390099609375057e-06
-0.10113553113553109,-2.4901818847656257e-06
-0.10194139194139185,-2.5390099609375057e-06
-0.1027472527472526,-2.734322265625003e-06
-0.10355311355311336,-2.734322265625003e-06
-0.10435897435897434,-2.587838037109378e-06
-0.1051648351648351,-2.4901818847656257e-06
-0.10597069597069586,-2.4901818847656257e-06
-0.10677655677655662,-2.636666113281251e-06
-0.1075824175824176,-2.636666113281251e-06
-0.10838827838827836,-2.6854941894531236e-06
-0.10919413919413912,-2.5390099609375057e-06
-0.10999999999999988,-2.6854941894531236e-06
-0.11080586080586063,-2.587838037109378e-06
-0.11161172161172161,-2.734322265625003e-06
-0.11241758241758237,-2.636666113281251e-06
-0.11322344322344313,-2.587838037109378e-06
-0.11402930402930389,-2.6854941894531236e-06
-0.11483516483516465,-2.783150341796876e-06
-0.11564102564102563,-2.734322265625003e-06
-0.11644688644688639,-2.6854941894531236e-06
-0.11725274725274715,-2.636666113281251e-06
-0.1180586080586079,-2.783150341796876e-06
-0.11886446886446889,-2.783150341796876e-06
-0.11967032967032964,-2.8808064941406283e-06
-0.1204761904761904,-2.8319784179687487e-06
-0.12128205128205116,-2.636666113281251e-06
-0.12208791208791192,-2.6854941894531236e-06
-0.1228937728937729,-2.8319784179687487e-06
-0.12369963369963366,-2.8319784179687487e-06
-0.12450549450549442,-2.5390099609375057e-06
-0.12531135531135518,-2.6854941894531236e-06
-0.12611721611721594,-2.8808064941406283e-06
-0.12692307692307692,-3.2714311035156313e-06
-0.12772893772893767,-2.8319784179687487e-06
-0.12853479853479843,-2.783150341796876e-06
-0.1293406593406592,-2.8319784179687487e-06
-0.13014652014651995,-2.8808064941406283e-06
-0.13095238095238093,-2.8808064941406283e-06
-0.1317582417582417,-2.8319784179687487e-06
-0.13256410256410245,-2.6854941894531236e-06
-0.1333699633699632,-2.734322265625003e-06
-0.1341758241758242,-2.783150341796876e-06
-0.13498168498168495,-2.6854941894531236e-06
-0.1357875457875457,-2.8808064941406283e-06
-0.13659340659340646,-2.8808064941406283e-06
-0.13739926739926722,-2.6854941894531236e-06
-0.1382051282051282,-2.783150341796876e-06
-0.13901098901098896,-2.783150341796876e-06
-0.13981684981684972,-2.978462646484374e-06
-0.14062271062271048,-2.8808064941406283e-06
-0.14142857142857124,-2.6854941894531236e-06
-0.14223443223443222,-2.978462646484374e-06
-0.14304029304029298,-2.8808064941406283e-06
-0.14384615384615373,-2.8808064941406283e-06
-0.1446520146520145,-2.8808064941406283e-06
-0.14545787545787547,-2.783150341796876e-06
-0.14626373626373623,-2.978462646484374e-06
-0.147069597069597,-2.8808064941406283e-06
-0.14787545787545775,-2.978462646484374e-06
-0.1486813186813185,-2.8808064941406283e-06
-0.1494871794871795,-2.783150341796876e-06
-0.15029304029304025,-2.929634570312501e-06
-0.151098901098901,-2.978462646484374e-06
-0.15190476190476176,-2.8808064941406283e-06
-0.15271062271062252,-2.978462646484374e-06
-0.1535164835164835,-2.978462646484374e-06
-0.15432234432234426,-2.978462646484374e-06
-0.15512820512820502,-3.076118798828126e-06
-0.15593406593406578,-3.027290722656254e-06
-0.15673992673992676,-2.978462646484374e-06
-0.15754578754578752,-2.929634570312501e-06
-0.15835164835164828,-3.076118798828126e-06
-0.15915750915750904,-2.929634570312501e-06
-0.1599633699633698,-3.076118798828126e-06
-0.16076923076923078,-2.8808064941406283e-06
-0.16157509157509153,-2.8808064941406283e-06
-0.1623809523809523,-2.929634570312501e-06
-0.16318681318681305,-3.076118798828126e-06
-0.1639926739926738,-3.124946875000006e-06
-0.1647985347985348,-2.8808064941406283e-06
-0.16560439560439555,-3.076118798828126e-06
-0.1664102564102563,-2.929634570312501e-06
-0.16721611721611707,-3.076118798828126e-06
-0.16802197802197782,-3.1737749511718718e-06
-0.1688278388278388,-3.076118798828126e-06
-0.16963369963369956,-3.076118798828126e-06
-0.17043956043956032,-3.076118798828126e-06
-0.17124542124542108,-2.978462646484374e-06
-0.17205128205128206,-3.124946875000006e-06
-0.17285714285714282,-2.929634570312501e-06
-0.17366300366300358,-2.8808064941406283e-06
-0.17446886446886434,-3.076118798828126e-06
-0.1752747252747251,-3.027290722656254e-06
-0.17608058608058608,-3.027290722656254e-06
-0.17688644688644684,-3.124946875000006e-06
-0.1776923076923076,-3.027290722656254e-06
-0.17849816849816835,-2.8319784179687487e-06
-0.1793040293040291,-2.978462646484374e-06
-0.1801098901098901,-2.929634570312501e-06
-0.18091575091575085,-3.6132276367187543e-06
-0.1817216117216116,-3.124946875000006e-06
-0.18252747252747237,-3.027290722656254e-06
-0.18333333333333335,-3.1737749511718718e-06
-0.1841391941391941,-2.978462646484374e-06
-0.18494505494505487,-3.1737749511718718e-06
-0.18575091575091562,-2.978462646484374e-06
-0.18655677655677638,-2.8808064941406283e-06
-0.18736263736263736,-3.1737749511718718e-06
-0.18816849816849812,-3.124946875000006e-06
-0.18897435897435888,-3.076118798828126e-06
-0.18978021978021964,-3.124946875000006e-06
-0.1905860805860804,-3.076118798828126e-06
-0.19139194139194138,-3.2226030273437513e-06
-0.19219780219780214,-3.124946875000006e-06
-0.1930036630036629,-3.027290722656254e-06
-0.19380952380952365,-3.1737749511718718e-06
-0.19461538461538463,-3.2714311035156313e-06
-0.1954212454212454,-3.124946875000006e-06
-0.19622710622710615,-3.124946875000006e-06
-0.1970329670329669,-3.124946875000006e-06
-0.19783882783882767,-3.076118798828126e-06
-0.19864468864468865,-3.124946875000006e-06
-0.1994505494505494,-3.2226030273437513e-06
-0.20025641025641017,-3.124946875000006e-06
-0.20106227106227093,-3.027290722656254e-06
-0.20186813186813168,-3.124946875000006e-06
-0.20267399267399266,-3.027290722656254e-06
-0.20347985347985342,-3.2226030273437513e-06
-0.20428571428571418,-3.124946875000006e-06
-0.20509157509157494,-3.124946875000006e-06
-0.2058974358974357,-2.978462646484374e-06
-0.20670329670329668,-3.1737749511718718e-06
-0.20750915750915744,-3.2226030273437513e-06
-0.2083150183150182,-3.124946875000006e-06
-0.20912087912087896,-3.1737749511718718e-06
-0.20992673992673994,-3.1737749511718718e-06
-0.2107326007326007,-3.124946875000006e-06
-0.21153846153846145,-3.1737749511718718e-06
-0.2123443223443222,-3.3690872558593764e-06
-0.21315018315018297,-3.2226030273437513e-06
-0.21395604395604395,-3.1737749511718718e-06
-0.2147619047619047,-3.124946875000006e-06
-0.21556776556776547,-3.3690872558593764e-06
-0.21637362637362623,-3.2714311035156313e-06
-0.21717948717948699,-3.124946875000006e-06
-0.21798534798534797,-3.076118798828126e-06
-0.21879120879120872,-3.124946875000006e-06
-0.21959706959706948,-3.2226030273437513e-06
-0.22040293040293024,-3.124946875000006e-06
-0.22120879120879122,-3.1737749511718718e-06
-0.22201465201465198,-3.2226030273437513e-06
-0.22282051282051274,-3.124946875000006e-06
-0.2236263736263735,-3.2714311035156313e-06
-0.22443223443223426,-3.124946875000006e-06
-0.22523809523809524,-3.124946875000006e-06
-0.226043956043956,-3.1737749511718718e-06
-0.22684981684981675,-3.076118798828126e-06
-0.2276556776556775,-3.2714311035156313e-06
-0.22846153846153827,-3.1737749511718718e-06
-0.22926739926739925,-3.2714311035156313e-06
-0.23007326007326,-2.978462646484374e-06
-0.23087912087912077,-3.076118798828126e-06
-0.23168498168498153,-3.2714311035156313e-06
-0.2324908424908425,-3.466743408203129e-06
-0.23329670329670327,-3.1737749511718718e-06
-0.23410256410256403,-3.124946875000006e-06
-0.23490842490842478,-3.1737749511718718e-06
-0.23571428571428554,-3.2226030273437513e-06
-0.23652014652014652,-3.2714311035156313e-06
-0.23732600732600728,-3.1737749511718718e-06
-0.23813186813186804,-3.2226030273437513e-06
-0.2389377289377288,-3.1737749511718718e-06
-0.23974358974358956,-3.3690872558593764e-06
-0.24054945054945054,-3.2226030273437513e-06
-0.2413553113553113,-3.2226030273437513e-06
-0.24216117216117206,-3.1737749511718718e-06
-0.24296703296703281,-3.1737749511718718e-06
-0.2437728937728938,-3.076118798828126e-06
-0.24457875457875455,-3.1737749511718718e-06
-0.2453846153846153,-3.4179153320312492e-06
-0.24619047619047607,-3.2714311035156313e-06
-0.24699633699633683,-3.320259179687497e-06
-0.2478021978021978,-3.320259179687497e-06
-0.24860805860805857,-3.320259179687497e-06
-0.24941391941391933,-3.2714311035156313e-06
-0.2502197802197801,-3.1737749511718718e-06
-0.25102564102564084,-3.3690872558593764e-06
-0.2518315018315018,-3.1737749511718718e-06
-0.2526373626373626,-3.2226030273437513e-06
-0.25344322344322334,-3.3690872558593764e-06
-0.2542490842490841,-3.2226030273437513e-06
-0.25505494505494486,-3.3690872558593764e-06
-0.25586080586080584,-3.2714311035156313e-06
-0.2566666666666666,-3.2226030273437513e-06
-0.25747252747252736,-3.4179153320312492e-06
-0.2582783882783881,-3.1737749511718718e-06
-0.2590842490842491,-3.2714311035156313e-06
-0.25989010989010985,-3.2714311035156313e-06
-0.2606959706959706,-3.320259179687497e-06
-0.26150183150183137,-3.2714311035156313e-06
-0.26230769230769213,-3.2714311035156313e-06
-0.2631135531135531,-3.3690872558593764e-06
-0.26391941391941387,-3.3690872558593764e-06
-0.26472527472527463,-3.2714311035156313e-06
-0.2655311355311354,-3.2714311035156313e-06
-0.26633699633699615,-3.2714311035156313e-06
-0.2671428571428571,-3.2714311035156313e-06
-0.2679487179487179,-3.320259179687497e-06
-0.26875457875457864,-3.320259179687497e-06
-0.2695604395604394,-3.320259179687497e-06
-0.2703663003663004,-3.4179153320312492e-06
-0.27117216117216114,-3.320259179687497e-06
-0.2719780219780219,-3.2226030273437513e-06
-0.27278388278388266,-3.3690872558593764e-06
-0.2735897435897434,-3.3690872558593764e-06
-0.2743956043956044,-3.3690872558593764e-06
-0.27520146520146516,-3.4179153320312492e-06
-0.2760073260073259,-3.3690872558593764e-06
-0.2768131868131867,-3.5155714843750016e-06
-0.27761904761904743,-3.3690872558593764e-06
-0.2784249084249084,-3.2714311035156313e-06
-0.27923076923076917,-3.2226030273437513e-06
-0.28003663003662993,-3.320259179687497e-06
-0.2808424908424907,-3.4179153320312492e-06
-0.28164835164835167,-3.4179153320312492e-06
-0.2824542124542124,-3.4179153320312492e-06
-0.2832600732600732,-3.320259179687497e-06
-0.28406593406593394,-3.857368017578125e-06
-0.2848717948717947,-3.466743408203129e-06
-0.2856776556776557,-3.466743408203129e-06
-0.28648351648351644,-3.808539941406252e-06
-0.2872893772893772,-3.3690872558593764e-06
-0.28809523809523796,-3.4179153320312492e-06
-0.2889010989010987,-3.3690872558593764e-06
-0.2897069597069597,-3.4179153320312492e-06
-0.29051282051282046,-3.4179153320312492e-06
-0.2913186813186812,-3.3690872558593764e-06
-0.292124542124542,-3.320259179687497e-06
-0.29293040293040273,-3.1737749511718718e-06
-0.2937362637362637,-3.2714311035156313e-06
-0.2945421245421245,-3.5643995605468743e-06
-0.29534798534798523,-3.2714311035156313e-06
-0.296153846153846,-3.320259179687497e-06
-0.29695970695970697,-3.4179153320312492e-06
-0.29776556776556773,-3.320259179687497e-06
-0.2985714285714285,-3.4179153320312492e-06
-0.29937728937728925,-3.3690872558593764e-06
-0.30018315018315,-3.4179153320312492e-06
-0.300989010989011,-3.3690872558593764e-06
-0.30179487179487174,-3.320259179687497e-06
-0.3026007326007325,-3.3690872558593764e-06
-0.30340659340659326,-3.320259179687497e-06
-0.304212454212454,-3.3690872558593764e-06
-0.305018315018315,-3.3690872558593764e-06
-0.30582417582417576,-3.466743408203129e-06
-0.3066300366300365,-3.466743408203129e-06
-0.3074358974358973,-3.320259179687497e-06
-0.30824175824175826,-3.5155714843750016e-06
-0.309047619047619,-3.320259179687497e-06
-0.3098534798534798,-3.2714311035156313e-06
-0.31065934065934053,-3.320259179687497e-06
-0.3114652014652013,-3.3690872558593764e-06
-0.31227106227106227,-3.466743408203129e-06
-0.31307692307692303,-3.4179153320312492e-06
-0.3138827838827838,-3.466743408203129e-06
-0.31468864468864455,-3.320259179687497e-06
-0.3154945054945053,-3.2714311035156313e-06
-0.3163003663003663,-3.3690872558593764e-06
-0.31710622710622705,-3.5643995605468743e-06
-0.3179120879120878,-3.3690872558593764e-06
-0.31871794871794856,-3.4179153320312492e-06
-0.31952380952380954,-3.2714311035156313e-06
-0.3203296703296703,-3.4179153320312492e-06
-0.32113553113553106,-3.5643995605468743e-06
-0.3219413919413918,-3.4179153320312492e-06
-0.3227472527472526,-3.3690872558593764e-06
-0.32355311355311356,-3.320259179687497e-06
-0.3243589743589743,-3.4179153320312492e-06
-0.3251648351648351,-3.6132276367187543e-06
-0.32597069597069583,-3.320259179687497e-06
-0.3267765567765566,-3.320259179687497e-06
-0.3275824175824176,-3.2226030273437513e-06
-0.32838827838827833,-3.3690872558593764e-06
-0.3291941391941391,-3.5155714843750016e-06
-0.32999999999999985,-3.4179153320312492e-06
-0.3308058608058606,-3.466743408203129e-06
-0.3316117216117216,-3.466743408203129e-06
-0.33241758241758235,-3.4179153320312492e-06
-0.3332234432234431,-3.3690872558593764e-06
-0.33402930402930386,-3.4179153320312492e-06
-0.33483516483516484,-3.3690872558593764e-06
-0.3356410256410256,-2.978462646484374e-06
-0.33644688644688636,-3.466743408203129e-06
-0.3372527472527471,-3.5155714843750016e-06
-0.3380586080586079,-3.5155714843750016e-06
-0.33886446886446886,-3.320259179687497e-06
-0.3396703296703296,-3.466743408203129e-06
-0.3404761904761904,-3.466743408203129e-06
-0.34128205128205114,-3.3690872558593764e-06
-0.3420879120879119,-3.3690872558593764e-06
-0.3428937728937729,-3.5155714843750016e-06
-0.34369963369963363,-3.4179153320312492e-06
-0.3445054945054944,-3.4179153320312492e-06
-0.34531135531135515,-3.5155714843750016e-06
-0.34611721611721613,-3.2714311035156313e-06
-0.3469230769230769,-3.3690872558593764e-06
-0.34772893772893765,-3.320259179687497e-06
-0.3485347985347984,-3.4179153320312492e-06
-0.34934065934065917,-3.4179153320312492e-06
-0.35014652014652015,-3.5643995605468743e-06
-0.3509523809523809,-3.4179153320312492e-06
-0.35175824175824166,-3.2714311035156313e-06
-0.3525641025641024,-3.3690872558593764e-06
-0.3533699633699632,-3.5155714843750016e-06
-0.35417582417582416,-3.3690872558593764e-06
-0.3549816849816849,-3.4179153320312492e-06
-0.3557875457875457,-3.2714311035156313e-06
-0.35659340659340644,-3.4179153320312492e-06
-0.3573992673992674,-3.3690872558593764e-06
-0.3582051282051282,-3.5155714843750016e-06
-0.35901098901098893,-3.466743408203129e-06
-0.3598168498168497,-3.4179153320312492e-06
-0.36062271062271045,-3.5155714843750016e-06
-0.36142857142857143,-3.4179153320312492e-06
-0.3622344322344322,-3.3690872558593764e-06
-0.36304029304029295,-3.4179153320312492e-06
-0.3638461538461537,-3.3690872558593764e-06
-0.36465201465201447,-3.3690872558593764e-06
-0.36545787545787545,-3.3690872558593764e-06
-0.3662637362637362,-3.5643995605468743e-06
-0.36706959706959696,-3.4179153320312492e-06
-0.3678754578754577,-3.320259179687497e-06
-0.3686813186813187,-3.6132276367187543e-06
-0.36948717948717946,-3.466743408203129e-06
-0.3702930402930402,-3.5643995605468743e-06
-0.371098901098901,-3.3690872558593764e-06
-0.37190476190476174,-3.3690872558593764e-06
-0.3727106227106227,-3.5155714843750016e-06
-0.3735164835164835,-3.5643995605468743e-06
-0.37432234432234424,-3.5643995605468743e-06
-0.375128205128205,-3.5643995605468743e-06
-0.37593406593406575,-3.4179153320312492e-06
-0.37673992673992673,-3.4179153320312492e-06
-0.3775457875457875,-3.466743408203129e-06
-0.37835164835164825,-3.3690872558593764e-06
-0.379157509157509,-3.466743408203129e-06
-0.37996336996336977,-3.4179153320312492e-06
-0.38076923076923075,-3.5155714843750016e-06
-0.3815750915750915,-3.4179153320312492e-06
-0.38238095238095227,-3.5155714843750016e-06
-0.383186813186813,-3.3690872558593764e-06
-0.383992673992674,-3.466743408203129e-06
-0.38479853479853476,-3.3690872558593764e-06
-0.3856043956043955,-3.5155714843750016e-06
-0.3864102564102563,-3.466743408203129e-06
-0.38721611721611704,-3.1737749511718718e-06
-0.388021978021978,-3.4179153320312492e-06
-0.3888278388278388,-3.5155714843750016e-06
-0.38963369963369954,-3.3690872558593764e-06
-0.3904395604395603,-3.466743408203129e-06
-0.39124542124542105,-3.4179153320312492e-06
-0.39205128205128204,-3.6132276367187543e-06
-0.3928571428571428,-3.320259179687497e-06
-0.39366300366300355,-3.5643995605468743e-06
-0.3944688644688643,-3.466743408203129e-06
-0.3952747252747253,-3.320259179687497e-06
-0.39608058608058605,-3.466743408203129e-06
-0.3968864468864468,-3.4179153320312492e-06
-0.39769230769230757,-3.5643995605468743e-06
-0.3984981684981683,-3.466743408203129e-06
-0.3993040293040293,-3.5643995605468743e-06
-0.40010989010989007,-3.3690872558593764e-06
-0.3993040293040293,-3.466743408203129e-06
-0.3984981684981683,-3.466743408203129e-06
-0.39769230769230757,-3.3690872558593764e-06
-0.3968864468864468,-3.2714311035156313e-06
-0.39608058608058605,-3.2714311035156313e-06
-0.3952747252747253,-3.2226030273437513e-06
-0.3944688644688643,-3.2226030273437513e-06
-0.39366300366300355,-3.2714311035156313e-06
-0.3928571428571428,-3.1737749511718718e-06
-0.39205128205128204,-3.320259179687497e-06
-0.39124542124542105,-3.076118798828126e-06
-0.3904395604395603,-3.1737749511718718e-06
-0.38963369963369954,-2.929634570312501e-06
-0.3888278388278388,-2.978462646484374e-06
-0.388021978021978,-2.929634570312501e-06
-0.38721611721611704,-2.929634570312501e-06
-0.3864102564102563,-2.929634570312501e-06
-0.3856043956043955,-3.027290722656254e-06
-0.38479853479853476,-2.8319784179687487e-06
-0.383992673992674,-2.929634570312501e-06
-0.383186813186813,-2.6854941894531236e-06
-0.38238095238095227,-2.734322265625003e-06
-0.3815750915750915,-2.783150341796876e-06
-0.38076923076923075,-2.6854941894531236e-06
-0.37996336996336977,-2.734322265625003e-06
-0.379157509157509,-2.587838037109378e-06
-0.37835164835164825,-2.734322265625003e-06
-0.3775457875457875,-2.783150341796876e-06
-0.37673992673992673,-2.5390099609375057e-06
-0.37593406593406575,-2.5390099609375057e-06
-0.375128205128205,-2.587838037109378e-06
-0.37432234432234424,-2.636666113281251e-06
-0.3735164835164835,-2.4901818847656257e-06
-0.3727106227106227,-2.441353808593746e-06
-0.37190476190476174,-2.3436976562500006e-06
-0.371098901098901,-2.5390099609375057e-06
-0.3702930402930402,-2.3925257324218806e-06
-0.36948717948717946,-2.3925257324218806e-06
-0.3686813186813187,-2.3925257324218806e-06
-0.3678754578754577,-2.4901818847656257e-06
-0.36706959706959696,-2.2460415039062482e-06
-0.3662637362637362,-2.3436976562500006e-06
-0.36545787545787545,-2.3925257324218806e-06
-0.36465201465201447,-2.1972134277343755e-06
-0.3638461538461537,-2.294869580078128e-06
-0.36304029304029295,-2.294869580078128e-06
-0.3622344322344322,-2.294869580078128e-06
-0.36142857142857143,-2.294869580078128e-06
-0.36062271062271045,-2.099557275390623e-06
-0.3598168498168497,-2.1483853515625027e-06
-0.35901098901098893,-2.1483853515625027e-06
-0.3582051282051282,-2.2460415039062482e-06
-0.3573992673992674,-2.1972134277343755e-06
-0.35659340659340644,-1.8554168945312524e-06
-0.3557875457875457,-2.0019011230468776e-06
-0.3549816849816849,-2.0019011230468776e-06
-0.35417582417582416,-1.9042449707031252e-06
-0.3533699633699632,-2.1972134277343755e-06
-0.3525641025641024,-2.099557275390623e-06
-0.35175824175824166,-2.0019011230468776e-06
-0.3509523809523809,-1.953073046874998e-06
-0.35014652014652015,-2.0019011230468776e-06
-0.34934065934065917,-2.0507291992187575e-06
-0.3485347985347984,-2.0019011230468776e-06
-0.34772893772893765,-1.8554168945312524e-06
-0.3469230769230769,-1.9042449707031252e-06
-0.34611721611721613,-1.8065888183593799e-06
-0.34531135531135515,-1.953073046874998e-06
-0.3445054945054944,-1.9042449707031252e-06
-0.34369963369963363,-1.8554168945312524e-06
-0.3428937728937729,-1.8065888183593799e-06
-0.3420879120879119,-1.9042449707031252e-06
-0.34128205128205114,-1.8065888183593799e-06
-0.3404761904761904,-1.8554168945312524e-06
-0.3396703296703296,-1.7577607421875e-06
-0.33886446886446886,-1.6601045898437547e-06
-0.3380586080586079,-1.6601045898437547e-06
-0.3372527472527471,-1.8065888183593799e-06
-0.33644688644688636,-1.7089326660156203e-06
-0.3356410256410256,-1.7577607421875e-06
-0.33483516483516484,-1.7577607421875e-06
-0.33402930402930386,-1.611276513671875e-06
-0.3332234432234431,-1.7577607421875e-06
-0.33241758241758235,-1.611276513671875e-06
-0.3316117216117216,-1.4647922851562498e-06
-0.3308058608058606,-1.5624484375000022e-06
-0.32999999999999985,-1.6601045898437547e-06
-0.3291941391941391,-1.6601045898437547e-06
-0.32838827838827833,-1.5624484375000022e-06
-0.3275824175824176,-1.5624484375000022e-06
-0.3267765567765566,-1.4647922851562498e-06
-0.32597069597069583,-1.611276513671875e-06
-0.3251648351648351,-1.611276513671875e-06
-0.3243589743589743,-1.415964208984377e-06
-0.32355311355311356,-1.4647922851562498e-06
-0.3227472527472526,-1.5136203613281296e-06
-0.3219413919413918,-1.415964208984377e-06
-0.32113553113553106,-1.5136203613281296e-06
-0.3203296703296703,-1.3671361328124973e-06
-0.31952380952380954,-1.415964208984377e-06
-0.31871794871794856,-1.611276513671875e-06
-0.3179120879120878,-1.4647922851562498e-06
-0.31710622710622705,-1.415964208984377e-06
-0.3163003663003663,-1.3671361328124973e-06
-0.3154945054945053,-1.3183080566406317e-06
-0.31468864468864455,-1.3671361328124973e-06
-0.3138827838827838,-1.3183080566406317e-06
-0.31307692307692303,-1.415964208984377e-06
-0.31227106227106227,-1.415964208984377e-06
-0.3114652014652013,-1.415964208984377e-06
-0.31065934065934053,-1.269479980468752e-06
-0.3098534798534798,-1.3671361328124973e-06
-0.309047619047619,-1.3671361328124973e-06
-0.30824175824175826,-1.415964208984377e-06
-0.3074358974358973,-1.1718238281249994e-06
-0.3066300366300365,-1.269479980468752e-06
-0.30582417582417576,-1.3183080566406317e-06
-0.305018315018315,-1.074167675781254e-06
-0.304212454212454,-1.3183080566406317e-06
-0.30340659340659326,-1.1718238281249994e-06
-0.3026007326007325,-1.6601045898437547e-06
-0.30179487179487174,-1.269479980468752e-06
-0.300989010989011,-1.3183080566406317e-06
-0.30018315018315,-1.2206519042968722e-06
-0.29937728937728925,-1.1229957519531268e-06
-0.2985714285714285,-1.3183080566406317e-06
-0.29776556776556773,-1.269479980468752e-06
-0.29695970695970697,-1.2206519042968722e-06
-0.296153846153846,-1.2206519042968722e-06
-0.29534798534798523,-1.1229957519531268e-06
-0.2945421245421245,-1.1718238281249994e-06
-0.2937362637362637,-1.1229957519531268e-06
-0.29293040293040273,-1.269479980468752e-06
-0.292124542124542,-1.0253395996093743e-06
-0.2913186813186812,-1.1229957519531268e-06
-0.29051282051282046,-1.1718238281249994e-06
-0.2897069597069597,-1.1718238281249994e-06
-0.2889010989010987,-1.074167675781254e-06
-0.28809523809523796,-1.074167675781254e-06
-0.2872893772893772,-1.0253395996093743e-06
-0.28648351648351644,-1.0253395996093743e-06
-0.2856776556776557,-1.1229957519531268e-06
-0.2848717948717947,-1.074167675781254e-06
-0.28406593406593394,-9.765115234375017e-07
-0.2832600732600732,-1.1229957519531268e-06
-0.2824542124542124,-9.765115234375017e-07
-0.28164835164835167,-1.1229957519531268e-06
-0.2808424908424907,-9.765115234375017e-07
-0.28003663003662993,-1.0253395996093743e-06
-0.27923076923076917,-8.788553710937491e-07
-0.2784249084249084,-9.27683447265629e-07
-0.27761904761904743,-8.788553710937491e-07
-0.2768131868131867,-9.27683447265629e-07
-0.2760073260073259,-9.27683447265629e-07
-0.27520146520146516,-8.788553710937491e-07
-0.2743956043956044,-9.27683447265629e-07
-0.2735897435897434,-9.765115234375017e-07
-0.27278388278388266,-9.27683447265629e-07
-0.2719780219780219,-9.765115234375017e-07
-0.27117216117216114,-8.788553710937491e-07
-0.2703663003663004,-7.811992187500038e-07
-0.2695604395604394,-9.765115234375017e-07
-0.26875457875457864,-8.300272949218765e-07
-0.2679487179487179,-8.788553710937491e-07
-0.2671428571428571,-9.765115234375017e-07
-0.26633699633699615,-9.27683447265629e-07
-0.2655311355311354,-9.765115234375017e-07
-0.26472527472527463,-9.765115234375017e-07
-0.26391941391941387,-8.300272949218765e-07
-0.2631135531135531,-8.300272949218765e-07
-0.26230769230769213,-7.811992187500038e-07
-0.26150183150183137,-9.27683447265629e-07
-0.2606959706959706,-8.788553710937491e-07
-0.25989010989010985,-9.765115234375017e-07
-0.2590842490842491,-8.300272949218765e-07
-0.2582783882783881,-9.765115234375017e-07
-0.25747252747252736,-9.27683447265629e-07
-0.2566666666666666,-8.300272949218765e-07
-0.25586080586080584,-8.300272949218765e-07
-0.25505494505494486,-7.32371142578124e-07
-0.2542490842490841,-8.300272949218765e-07
-0.25344322344322334,-9.27683447265629e-07
-0.2526373626373626,-7.811992187500038e-07
-0.2518315018315018,-7.32371142578124e-07
-0.25102564102564084,-5.85886914062506e-07
-0.2502197802197801,-6.835430664062513e-07
-0.24941391941391933,-6.835430664062513e-07
-0.24860805860805857,-7.811992187500038e-07
-0.2478021978021978,-6.835430664062513e-07
-0.24699633699633683,-7.811992187500038e-07
-0.24619047619047607,-7.811992187500038e-07
-0.2453846153846153,-7.32371142578124e-07
-0.24457875457875455,-7.32371142578124e-07
-0.2437728937728938,-5.85886914062506e-07
-0.24296703296703281,-6.347149902343716e-07
-0.24216117216117206,-5.370588378906262e-07
-0.2413553113553113,-6.835430664062513e-07
-0.24054945054945054,-8.300272949218765e-07
-0.23974358974358956,-6.347149902343716e-07
-0.2389377289377288,-6.835430664062513e-07
-0.23813186813186804,-7.32371142578124e-07
-0.23732600732600728,-7.811992187500038e-07
-0.23652014652014652,-7.32371142578124e-07
-0.23571428571428554,-5.85886914062506e-07
-0.23490842490842478,-6.347149902343716e-07
-0.23410256410256403,-5.85886914062506e-07
-0.23329670329670327,-6.835430664062513e-07
-0.2324908424908425,-5.85886914062506e-07
-0.23168498168498153,-6.347149902343716e-07
-0.23087912087912077,-5.370588378906262e-07
-0.23007326007326,-4.882307617187465e-07
-0.22926739926739925,-6.347149902343716e-07
-0.22846153846153827,-6.835430664062513e-07
-0.2276556776556775,-6.347149902343716e-07
-0.22684981684981675,-6.347149902343716e-07
-0.226043956043956,-5.85886914062506e-07
-0.22523809523809524,-6.347149902343716e-07
-0.22443223443223426,-6.347149902343716e-07
-0.2236263736263735,-5.370588378906262e-07
-0.22282051282051274,-5.85886914062506e-07
-0.22201465201465198,-3.905746093750011e-07
-0.22120879120879122,-5.370588378906262e-07
-0.22040293040293024,-5.85886914062506e-07
-0.21959706959706948,-5.85886914062506e-07
-0.21879120879120872,-4.882307617187465e-07
-0.21798534798534797,-3.417465332031284e-07
-0.21717948717948699,-5.85886914062506e-07
-0.21637362637362623,-5.370588378906262e-07
-0.21556776556776547,-4.882307617187465e-07
-0.2147619047619047,-5.370588378906262e-07
-0.21395604395604395,-3.905746093750011e-07
-0.21315018315018297,-3.905746093750011e-07
-0.2123443223443222,-4.882307617187465e-07
-0.21153846153846145,-3.905746093750011e-07
-0.2107326007326007,-4.3940268554688087e-07
-0.20992673992673994,-3.905746093750011e-07
-0.20912087912087896,-5.370588378906262e-07
-0.2083150183150182,-5.370588378906262e-07
-0.20750915750915744,-5.85886914062506e-07
-0.20670329670329668,-4.3940268554688087e-07
-0.2058974358974357,-5.370588378906262e-07
-0.20509157509157494,-4.882307617187465e-07
-0.20428571428571418,-3.905746093750011e-07
-0.20347985347985342,-6.347149902343716e-07
-0.20267399267399266,-4.3940268554688087e-07
-0.20186813186813168,-2.929184570312486e-07
-0.20106227106227093,-3.905746093750011e-07
-0.20025641025641017,-4.3940268554688087e-07
-0.1994505494505494,-1.9526230468750327e-07
-0.19864468864468865,-4.3940268554688087e-07
-0.19783882783882767,-2.440903808593759e-07
-0.1970329670329669,-8.300272949218765e-07
-0.19622710622710615,-4.3940268554688087e-07
-0.1954212454212454,-3.905746093750011e-07
-0.19461538461538463,-2.440903808593759e-07
-0.19380952380952365,-2.929184570312486e-07
-0.1930036630036629,-4.882307617187465e-07
-0.19219780219780214,-3.905746093750011e-07
-0.19139194139194138,-3.905746093750011e-07
-0.1905860805860804,-3.905746093750011e-07
-0.18978021978021964,-2.929184570312486e-07
-0.18897435897435888,-2.440903808593759e-07
-0.18816849816849812,-3.905746093750011e-07
-0.18736263736263736,-3.905746093750011e-07
-0.18655677655677638,-3.417465332031284e-07
-0.18575091575091562,-2.929184570312486e-07
-0.18494505494505487,-2.440903808593759e-07
-0.1841391941391941,-4.3940268554688087e-07
-0.18333333333333335,-1.4643422851562348e-07
-0.18252747252747237,-1.9526230468750327e-07
-0.1817216117216116,-2.440903808593759e-07
-0.18091575091575085,-2.440903808593759e-07
-0.1801098901098901,-4.882307617187465e-07
-0.1793040293040291,-3.417465332031284e-07
-0.17849816849816835,-1.4643422851562348e-07
-0.1776923076923076,-2.929184570312486e-07
-0.17688644688644684,-1.9526230468750327e-07
-0.17608058608058608,-3.417465332031284e-07
-0.1752747252747251,-1.4643422851562348e-07
-0.17446886446886434,-2.440903808593759e-07
-0.17366300366300358,-1.9526230468750327e-07
-0.17285714285714282,-3.417465332031284e-07
-0.17205128205128206,-2.440903808593759e-07
-0.17124542124542108,-1.9526230468750327e-07
-0.17043956043956032,-1.4643422851562348e-07
-0.16963369963369956,-9.76061523437508e-08
-0.1688278388278388,-2.929184570312486e-07
-0.16802197802197782,-3.417465332031284e-07
-0.16721611721611707,-1.4643422851562348e-07
-0.1664102564102563,-2.929184570312486e-07
-0.16560439560439555,-9.76061523437508e-08
-0.1647985347985348,5.0000000001659824e-11
-0.1639926739926738,-9.76061523437508e-08
-0.16318681318681305,-1.9526230468750327e-07
-0.1623809523809523,-1.4643422851562348e-07
-0.16157509157509153,-4.8778076171878125e-08
-0.16076923076923078,-1.9526230468750327e-07
-0.1599633699633698,-2.440903808593759e-07
-0.15915750915750904,-9.76061523437508e-08
-0.15835164835164828,-4.8778076171878125e-08
-0.15754578754578752,-1.9526230468750327e-07
-0.15673992673992676,-1.4643422851562348e-07
-0.15593406593406578,-1.4643422851562348e-07
-0.15512820512820502,-1.4643422851562348e-07
-0.15432234432234426,-4.8778076171878125e-08
-0.1535164835164835,-4.8778076171878125e-08
-0.15271062271062252,5.0000000001659824e-11
-0.15190476190476176,-9.76061523437508e-08
-0.151098901098901,-1.4643422851562348e-07
-0.15029304029304025,5.0000000001659824e-11
-0.1494871794871795,4.887807617187434e-08
-0.1486813186813185,-1.4643422851562348e-07
-0.14787545787545775,5.0000000001659824e-11
-0.147069597069597,5.0000000001659824e-11
-0.14626373626373623,-9.76061523437508e-08
-0.14545787545787547,-2.440903808593759e-07
-0.1446520146520145,-9.76061523437508e-08
-0.14384615384615373,-9.76061523437508e-08
-0.14304029304029298,-1.4643422851562348e-07
-0.14223443223443222,-4.8778076171878125e-08
-0.14142857142857124,5.0000000001659824e-11
-0.14062271062271048,5.0000000001659824e-11
-0.13981684981684972,4.887807617187434e-08
-0.13901098901098896,5.0000000001659824e-11
-0.1382051282051282,4.887807617187434e-08
-0.13739926739926722,5.0000000001659824e-11
-0.13659340659340646,5.0000000001659824e-11
-0.1357875457875457,-4.8778076171878125e-08
-0.13498168498168495,4.887807617187434e-08
-0.1341758241758242,1.9536230468749947e-07
-0.1333699633699632,1.465342285156197e-07
-0.13256410256410245,-4.8778076171878125e-08
-0.1317582417582417,-9.76061523437508e-08
-0.13095238095238093,1.9536230468749947e-07
-0.13014652014651995,9.770615234374701e-08
-0.1293406593406592,5.0000000001659824e-11
-0.12853479853479843,9.770615234374701e-08
-0.12772893772893767,4.887807617187434e-08
-0.12692307692307692,-4.8778076171878125e-08
-0.12611721611721594,2.4419038085937927e-07
-0.12531135531135518,1.465342285156197e-07
-0.12450549450549442,9.770615234374701e-08
-0.12369963369963366,4.887807617187434e-08
-0.1228937728937729,1.465342285156197e-07
-0.12208791208791192,1.9536230468749947e-07
-0.12128205128205116,4.887807617187434e-08
-0.1204761904761904,5.0000000001659824e-11
-0.11967032967032964,9.770615234374701e-08
-0.11886446886446889,1.465342285156197e-07
-0.1180586080586079,9.770615234374701e-08
-0.11725274725274715,1.9536230468749947e-07
-0.11644688644688639,-4.8778076171878125e-08
-0.11564102564102563,1.9536230468749947e-07
-0.11483516483516465,1.465342285156197e-07
-0.11402930402930389,3.418465332031246e-07
-0.11322344322344313,2.9301845703124485e-07
-0.11241758241758237,3.418465332031246e-07
-0.11161172161172161,9.770615234374701e-08
-0.11080586080586063,1.9536230468749947e-07
-0.10999999999999988,3.418465332031246e-07
-0.10919413919413912,2.4419038085937927e-07
-0.10838827838827836,2.9301845703124485e-07
-0.1075824175824176,9.770615234374701e-08
-0.10677655677655662,2.4419038085937927e-07
-0.10597069597069586,3.418465332031246e-07
-0.1051648351648351,3.906746093749973e-07
-0.10435897435897434,3.418465332031246e-07
-0.10355311355311336,2.4419038085937927e-07
-0.1027472527472526,3.418465332031246e-07
-0.10194139194139185,2.4419038085937927e-07
-0.10113553113553109,3.906746093749973e-07
-0.10032967032967033,2.9301845703124485e-07
-0.09952380952380935,3.906746093749973e-07
-0.09871794871794859,1.9536230468749947e-07
-0.09791208791208783,3.418465332031246e-07
-0.09710622710622707,3.418465332031246e-07
-0.09630036630036631,4.883307617187497e-07
-0.09549450549450533,3.906746093749973e-07
-0.09468864468864457,2.9301845703124485e-07
-0.09388278388278382,5.859869140625022e-07
-0.09307692307692306,3.418465332031246e-07
-0.09227106227106208,3.418465332031246e-07
-0.09146520146520132,9.770615234374701e-08
-0.09065934065934056,3.418465332031246e-07
-0.0898534798534798,4.883307617187497e-07
-0.08904761904761904,3.418465332031246e-07
-0.08824175824175806,2.4419038085937927e-07
-0.0874358974358973,3.906746093749973e-07
-0.08663003663003654,2.9301845703124485e-07
-0.08582417582417579,3.906746093749973e-07
-0.08501831501831503,5.371588378906224e-07
-0.08421245421245405,4.883307617187497e-07
-0.08340659340659329,3.906746093749973e-07
-0.08260073260073253,4.883307617187497e-07
-0.08179487179487177,4.883307617187497e-07
-0.08098901098901101,4.3950268554687707e-07
-0.08018315018315003,4.3950268554687707e-07
-0.07937728937728927,3.906746093749973e-07
-0.07857142857142851,4.3950268554687707e-07
-0.07776556776556776,4.3950268554687707e-07
-0.07695970695970678,5.859869140625022e-07
-0.07615384615384602,6.348149902343678e-07
-0.07534798534798526,5.859869140625022e-07
-0.0745421245421245,3.418465332031246e-07
-0.07373626373626374,7.324711425781274e-07
-0.07293040293040276,5.371588378906224e-07
-0.072124542124542,5.371588378906224e-07
-0.07131868131868124,4.3950268554687707e-07
-0.07051282051282048,5.859869140625022e-07
-0.06970695970695973,6.836430664062475e-07
-0.06890109890109875,6.348149902343678e-07
-0.06809523809523799,6.836430664062475e-07
-0.06728937728937723,6.348149902343678e-07
-0.06648351648351647,7.324711425781274e-07
-0.06567765567765549,6.348149902343678e-07
-0.06487179487179473,7.324711425781274e-07
-0.06406593406593397,5.371588378906224e-07
-0.06326007326007321,4.3950268554687707e-07
-0.062454212454212454,5.371588378906224e-07
-0.061648351648351474,6.836430664062475e-07
-0.060842490842490715,6.348149902343678e-07
-0.06003663003662996,5.859869140625022e-07
-0.0592307692307692,6.348149902343678e-07
-0.05842490842490844,6.348149902343678e-07
-0.05761904761904746,6.348149902343678e-07
-0.0568131868131867,8.789553710937454e-07
-0.05600732600732594,7.324711425781274e-07
-0.05520146520146518,5.859869140625022e-07
-0.0543956043956042,6.836430664062475e-07
-0.053589743589743444,7.812992187500001e-07
-0.052783882783882685,6.348149902343678e-07
-0.05197802197802193,7.324711425781274e-07
-0.05117216117216117,6.348149902343678e-07
-0.05036630036630019,7.812992187500001e-07
-0.04956043956043943,9.277834472656252e-07
-0.04875457875457867,7.812992187500001e-07
-0.04794871794871791,8.301272949218728e-07
-0.04714285714285715,7.324711425781274e-07
-0.04633699633699617,7.324711425781274e-07
-0.045531135531135414,7.812992187500001e-07
-0.044725274725274655,8.301272949218728e-07
-0.0439194139194139,9.766115234374979e-07
-0.043113553113552916,9.277834472656252e-07
-0.04230769230769216,9.766115234374979e-07
-0.0415018315018314,7.812992187500001e-07
-0.04069597069597064,9.277834472656252e-07
-0.03989010989010988,1.9536230468749947e-07
-0.0390842490842489,8.301272949218728e-07
-0.03827838827838814,8.789553710937454e-07
-0.037472527472527384,9.277834472656252e-07
-0.036666666666666625,9.277834472656252e-07
-0.03586080586080587,9.277834472656252e-07
-0.035054945054944886,9.277834472656252e-07
-0.03424908424908413,1.0254395996093705e-06
-0.03344322344322337,9.766115234374979e-07
-0.03263736263736261,9.766115234374979e-07
-0.03183150183150185,1.0742676757812502e-06
-0.03102564102564087,1.0254395996093705e-06
-0.030219780219780112,8.789553710937454e-07
-0.029413919413919354,1.0742676757812502e-06
-0.028608058608058595,1.0254395996093705e-06
-0.027802197802197615,1.0742676757812502e-06
-0.026996336996336856,1.0254395996093705e-06
-0.026190476190476097,9.277834472656252e-07
-0.02538461538461534,1.123095751953123e-06
-0.02457875457875458,1.0742676757812502e-06
-0.0237728937728936,1.1719238281249956e-06
-0.02296703296703284,1.0742676757812502e-06
-0.022161172161172082,1.123095751953123e-06
-0.021355311355311324,1.0742676757812502e-06
-0.020549450549450565,1.2207519042968756e-06
-0.019743589743589585,1.2207519042968756e-06
-0.018937728937728826,1.123095751953123e-06
-0.018131868131868067,1.1719238281249956e-06
-0.01732600732600731,1.1719238281249956e-06
-0.016520146520146328,1.4160642089843733e-06
-0.01571428571428557,1.1719238281249956e-06
-0.014908424908424811,1.2695799804687481e-06
-0.014102564102564052,1.2207519042968756e-06
-0.013296703296703294,1.2695799804687481e-06
-0.012490842490842313,1.2695799804687481e-06
-0.011684981684981555,1.1719238281249956e-06
-0.010879120879120796,1.2695799804687481e-06
-0.010073260073260037,1.318408056640628e-06
-0.009267399267399279,1.3672361328124935e-06
-0.008461538461538298,1.4160642089843733e-06
-0.00765567765567754,1.318408056640628e-06
-0.006849816849816781,1.318408056640628e-06
-0.0060439560439560225,1.2695799804687481e-06
-0.005238095238095042,1.2207519042968756e-06
-0.004432234432234283,1.464892285156253e-06
-0.0036263736263735247,1.318408056640628e-06
-0.002820512820512766,1.464892285156253e-06
