# Params: min_volt -0.1 max_volt 0.2 start_volt 0.0 scan_rate 0.05 direction down num_cycles 2
Stimulation voltage (V),Measured current(A)
-0.00040293040293026827,-0.0024269994761230472
-0.0012087912087910269,-9.76061523437508e-08
-0.0020146520146520075,-2.440903808593759e-07
-0.002820512820512766,-1.9526230468750327e-07
-0.0036263736263735247,-1.9526230468750327e-07
-0.004432234432234283,-1.9526230468750327e-07
-0.005238095238095042,-2.440903808593759e-07
-0.0060439560439560225,-2.440903808593759e-07
-0.006849816849816781,-1.9526230468750327e-07
-0.00765567765567754,-2.440903808593759e-07
-0.008461538461538298,-1.4643422851562348e-07
-0.009267399267399279,-2.440903808593759e-07
-0.010073260073260037,-2.440903808593759e-07
-0.010879120879120796,-1.4643422851562348e-07
-0.011684981684981555,-1.4643422851562348e-07
-0.012490842490842313,-1.9526230468750327e-07
-0.013296703296703294,-2.929184570312486e-07
-0.014102564102564052,-2.440903808593759e-07
-0.014908424908424811,-1.4643422851562348e-07
-0.01571428571428557,-1.4643422851562348e-07
-0.016520146520146328,-1.9526230468750327e-07
-0.01732600732600731,-2.929184570312486e-07
-0.018131868131868067,-2.440903808593759e-07
-0.018937728937728826,-1.9526230468750327e-07
-0.019743589743589585,-1.4643422851562348e-07
-0.020549450549450565,-1.9526230468750327e-07
-0.021355311355311324,-2.929184570312486e-07
-0.022161172161172082,-2.440903808593759e-07
-0.02296703296703284,-1.4643422851562348e-07
-0.0237728937728936,-1.4643422851562348e-07
-0.02457875457875458,-1.9526230468750327e-07
-0.02538461538461534,-2.929184570312486e-07
-0.026190476190476097,-2.440903808593759e-07
-0.026996336996336856,-2.929184570312486e-07
-0.027802197802197615,-1.4643422851562348e-07
-0.028608058608058595,-1.9526230468750327e-07
-0.029413919413919354,-1.4643422851562348e-07
-0.030219780219780112,-1.9526230468750327e-07
-0.03102564102564087,-1.9526230468750327e-07
-0.03183150183150185,-1.9526230468750327e-07
-0.03263736263736261,-2.440903808593759e-07
-0.03344322344322337,-2.440903808593759e-07
-0.03424908424908413,-1.9526230468750327e-07
-0.035054945054944886,-1.4643422851562348e-07
-0.03586080586080587,-1.9526230468750327e-07
-0.036666666666666625,-2.929184570312486e-07
-0.037472527472527384,-2.440903808593759e-07
-0.03827838827838814,-1.4643422851562348e-07
-0.0390842490842489,-1.4643422851562348e-07
-0.03989010989010988,-1.4643422851562348e-07
-0.04069597069597064,-2.440903808593759e-07
-0.0415018315018314,-2.440903808593759e-07
-0.04230769230769216,-1.4643422851562348e-07
-0.043113553113552916,-1.4643422851562348e-07
-0.0439194139194139,-1.9526230468750327e-07
-0.044725274725274655,-2.929184570312486e-07
-0.045531135531135414,-2.440903808593759e-07
-0.04633699633699617,-1.4643422851562348e-07
-0.04714285714285715,-1.9526230468750327e-07
-0.04794871794871791,-2.440903808593759e-07
-0.04875457875457867,-2.440903808593759e-07
-0.04956043956043943,-1.9526230468750327e-07
-0.05036630036630019,-1.4643422851562348e-07
-0.05117216117216117,-4.8778076171878125e-08
-0.05197802197802193,-2.440903808593759e-07
-0.052783882783882685,-2.440903808593759e-07
-0.053589743589743444,-1.9526230468750327e-07
-0.0543956043956042,-1.4643422851562348e-07
-0.05520146520146518,-1.4643422851562348e-07
-0.05600732600732594,-2.440903808593759e-07
-0.0568131868131867,-2.929184570312486e-07
-0.05761904761904746,-1.4643422851562348e-07
-0.05842490842490844,-1.4643422851562348e-07
-0.0592307692307692,-2.440903808593759e-07
-0.06003663003662996,-2.929184570312486e-07
-0.060842490842490715,-2.440903808593759e-07
-0.061648351648351474,-1.9526230468750327e-07
-0.062454212454212454,-1.4643422851562348e-07
-0.06326007326007321,-2.440903808593759e-07
-0.06406593406593397,-2.440903808593759e-07
-0.06487179487179473,-2.440903808593759e-07
-0.06567765567765549,-1.4643422851562348e-07
-0.06648351648351647,-1.4643422851562348e-07
-0.06728937728937723,-1.9526230468750327e-07
-0.06809523809523799,-2.440903808593759e-07
-0.06890109890109875,-2.440903808593759e-07
-0.06970695970695973,-1.9526230468750327e-07
-0.07051282051282048,-1.4643422851562348e-07
-0.07131868131868124,-2.440903808593759e-07
-0.072124542124542,-2.440903808593759e-07
-0.07293040293040276,-9.76061523437508e-08
-0.07373626373626374,-9.76061523437508e-08
-0.0745421245421245,-9.76061523437508e-08
-0.07534798534798526,-2.440903808593759e-07
-0.07615384615384602,-2.440903808593759e-07
-0.07695970695970678,-1.9526230468750327e-07
-0.07776556776556776,-1.4643422851562348e-07
-0.07857142857142851,-1.4643422851562348e-07
-0.07937728937728927,-2.440903808593759e-07
-0.08018315018315003,-2.929184570312486e-07
-0.08098901098901101,-1.4643422851562348e-07
-0.08179487179487177,-1.4643422851562348e-07
-0.08260073260073253,-1.9526230468750327e-07
-0.08340659340659329,-2.929184570312486e-07
-0.08421245421245405,-2.440903808593759e-07
-0.08501831501831503,-1.9526230468750327e-07
-0.08582417582417579,-1.4643422851562348e-07
-0.08663003663003654,-2.440903808593759e-07
-0.0874358974358973,-2.440903808593759e-07
-0.08824175824175806,-2.440903808593759e-07
-0.08904761904761904,-1.4643422851562348e-07
-0.0898534798534798,-1.4643422851562348e-07
-0.09065934065934056,-2.440903808593759e-07
-0.09146520146520132,-2.440903808593759e-07
-0.09227106227106208,-2.440903808593759e-07
-0.09307692307692306,-1.4643422851562348e-07
-0.09388278388278382,-1.4643422851562348e-07
-0.09468864468864457,-2.440903808593759e-07
-0.09549450549450533,-2.929184570312486e-07
-0.09630036630036631,-1.9526230468750327e-07
-0.09710622710622707,-1.4643422851562348e-07
-0.09791208791208783,-1.4643422851562348e-07
-0.09871794871794859,-2.440903808593759e-07
-0.09952380952380935,-1.4643422851562348e-07
-0.10032967032967033,-1.9526230468750327e-07
-0.09952380952380935,-1.4643422851562348e-07
-0.09871794871794859,-1.4643422851562348e-07
-0.09791208791208783,-2.440903808593759e-07
-0.09710622710622707,-2.440903808593759e-07
-0.09630036630036631,-1.9526230468750327e-07
-0.09549450549450533,-1.9526230468750327e-07
-0.09468864468864457,-1.9526230468750327e-07
-0.09388278388278382,-2.440903808593759e-07
-0.09307692307692306,-2.440903808593759e-07
-0.09227106227106208,-1.9526230468750327e-07
-0.09146520146520132,-9.76061523437508e-08
-0.09065934065934056,-1.9526230468750327e-07
-0.0898534798534798,-2.440903808593759e-07
-0.08904761904761904,-2.440903808593759e-07
-0.08824175824175806,-1.9526230468750327e-07
-0.0874358974358973,-1.4643422851562348e-07
-0.08663003663003654,-9.76061523437508e-08
-0.08582417582417579,-2.440903808593759e-07
-0.08501831501831503,-1.9526230468750327e-07
-0.08421245421245405,-1.4643422851562348e-07
-0.08340659340659329,-1.4643422851562348e-07
-0.08260073260073253,-2.440903808593759e-07
-0.08179487179487177,-2.929184570312486e-07
-0.08098901098901101,-2.440903808593759e-07
-0.08018315018315003,-1.4643422851562348e-07
-0.07937728937728927,-1.9526230468750327e-07
-0.07857142857142851,-1.9526230468750327e-07
-0.07776556776556776,-1.4643422851562348e-07
-0.07695970695970678,-1.9526230468750327e-07
-0.07615384615384602,-1.4643422851562348e-07
-0.07534798534798526,-1.9526230468750327e-07
-0.0745421245421245,-2.440903808593759e-07
-0.07373626373626374,-2.440903808593759e-07
-0.07293040293040276,-1.9526230468750327e-07
-0.072124542124542,-2.440903808593759e-07
-0.07131868131868124,-1.9526230468750327e-07
-0.07051282051282048,-2.440903808593759e-07
-0.06970695970695973,-2.440903808593759e-07
-0.06890109890109875,-1.9526230468750327e-07
-0.06809523809523799,-1.4643422851562348e-07
-0.06728937728937723,-1.9526230468750327e-07
-0.06648351648351647,-2.929184570312486e-07
-0.06567765567765549,-2.440903808593759e-07
-0.06487179487179473,-1.4643422851562348e-07
-0.06406593406593397,-1.4643422851562348e-07
-0.06326007326007321,-1.9526230468750327e-07
-0.062454212454212454,-2.440903808593759e-07
-0.061648351648351474,-2.929184570312486e-07
-0.060842490842490715,-1.9526230468750327e-07
-0.06003663003662996,-1.4643422851562348e-07
-0.0592307692307692,-1.9526230468750327e-07
-0.05842490842490844,-2.929184570312486e-07
-0.05761904761904746,-2.440903808593759e-07
-0.0568131868131867,-1.9526230468750327e-07
-0.05600732600732594,-1.9526230468750327e-07
-0.05520146520146518,-1.9526230468750327e-07
-0.0543956043956042,-2.440903808593759e-07
-0.053589743589743444,-1.9526230468750327e-07
-0.052783882783882685,-1.4643422851562348e-07
-0.05197802197802193,-2.440903808593759e-07
-0.05117216117216117,-2.440903808593759e-07
-0.05036630036630019,-2.440903808593759e-07
-0.04956043956043943,-1.9526230468750327e-07
-0.04875457875457867,-2.440903808593759e-07
-0.04794871794871791,-1.4643422851562348e-07
-0.04714285714285715,-2.440903808593759e-07
-0.04633699633699617,-2.440903808593759e-07
-0.045531135531135414,-1.9526230468750327e-07
-0.044725274725274655,-1.4643422851562348e-07
-0.0439194139194139,-1.9526230468750327e-07
-0.043113553113552916,-2.929184570312486e-07
-0.04230769230769216,-2.440903808593759e-07
-0.0415018315018314,-1.4643422851562348e-07
-0.04069597069597064,-1.4643422851562348e-07
-0.03989010989010988,-1.9526230468750327e-07
-0.0390842490842489,-1.9526230468750327e-07
-0.03827838827838814,-2.440903808593759e-07
-0.037472527472527384,-1.4643422851562348e-07
-0.036666666666666625,-1.4643422851562348e-07
-0.03586080586080587,-1.9526230468750327e-07
-0.035054945054944886,-2.929184570312486e-07
-0.03424908424908413,-2.440903808593759e-07
-0.03344322344322337,-1.9526230468750327e-07
-0.03263736263736261,-1.9526230468750327e-07
-0.03183150183150185,-2.440903808593759e-07
-0.03102564102564087,-2.440903808593759e-07
-0.030219780219780112,-1.9526230468750327e-07
-0.029413919413919354,-1.4643422851562348e-07
-0.028608058608058595,-1.4643422851562348e-07
-0.027802197802197615,-2.440903808593759e-07
-0.026996336996336856,-2.440903808593759e-07
-0.026190476190476097,-1.9526230468750327e-07
-0.02538461538461534,-1.4643422851562348e-07
-0.02457875457875458,-1.9526230468750327e-07
-0.0237728937728936,-2.440903808593759e-07
-0.02296703296703284,-3.905746093750011e-07
-0.022161172161172082,-1.9526230468750327e-07
-0.021355311355311324,-9.76061523437508e-08
-0.020549450549450565,-1.4643422851562348e-07
-0.019743589743589585,-2.440903808593759e-07
-0.018937728937728826,-2.440903808593759e-07
-0.018131868131868067,-1.9526230468750327e-07
-0.01732600732600731,-9.76061523437508e-08
-0.016520146520146328,-2.440903808593759e-07
-0.01571428571428557,-2.440903808593759e-07
-0.014908424908424811,-2.440903808593759e-07
-0.014102564102564052,-1.4643422851562348e-07
-0.013296703296703294,-1.4643422851562348e-07
-0.012490842490842313,-3.417465332031284e-07
-0.011684981684981555,-2.440903808593759e-07
-0.010879120879120796,-2.440903808593759e-07
-0.010073260073260037,-1.4643422851562348e-07
-0.009267399267399279,-1.4643422851562348e-07
-0.008461538461538298,-1.9526230468750327e-07
-0.00765567765567754,-2.440903808593759e-07
-0.006849816849816781,-2.440903808593759e-07
-0.0060439560439560225,-1.4643422851562348e-07
-0.005238095238095042,-1.4643422851562348e-07
-0.004432234432234283,-2.440903808593759e-07
-0.0036263736263735247,-2.440903808593759e-07
-0.002820512820512766,-1.9526230468750327e-07
-0.0020146520146520075,-1.4643422851562348e-07
-0.0012087912087910269,-1.4643422851562348e-07
-0.00040293040293026827,-2.440903808593759e-07
0.0004029304029304903,-1.4643422851562348e-07
0.001208791208791249,-1.9526230468750327e-07
0.0020146520146520075,-1.4643422851562348e-07
0.002820512820512988,-1.9526230468750327e-07
0.0036263736263737467,-2.929184570312486e-07
0.004432234432234505,-2.440903808593759e-07
0.005238095238095264,-1.9526230468750327e-07
0.0060439560439560225,-9.76061523437508e-08
0.006849816849817003,-2.440903808593759e-07
0.007655677655677762,-2.440903808593759e-07
0.00846153846153852,-2.440903808593759e-07
0.009267399267399279,-1.4643422851562348e-07
0.01007326007326026,-1.4643422851562348e-07
0.010879120879121018,-2.440903808593759e-07
0.011684981684981777,-2.440903808593759e-07
0.012490842490842535,-2.440903808593759e-07
0.013296703296703294,-1.4643422851562348e-07
0.014102564102564275,-1.9526230468750327e-07
0.014908424908425033,-1.9526230468750327e-07
0.01571428571428579,-2.440903808593759e-07
0.01652014652014655,-1.9526230468750327e-07
0.01732600732600731,-1.9526230468750327e-07
0.01813186813186829,-1.4643422851562348e-07
0.018937728937729048,-2.440903808593759e-07
0.019743589743589807,-2.440903808593759e-07
0.020549450549450565,-1.9526230468750327e-07
0.021355311355311546,-1.4643422851562348e-07
0.022161172161172304,-9.76061523437508e-08
0.022967032967033063,-2.440903808593759e-07
0.02377289377289382,-2.929184570312486e-07
0.02457875457875458,-1.9526230468750327e-07
0.02538461538461556,-1.4643422851562348e-07
0.02619047619047632,-1.4643422851562348e-07
0.026996336996337078,-2.929184570312486e-07
0.027802197802197837,-2.440903808593759e-07
0.028608058608058595,-1.9526230468750327e-07
0.029413919413919576,-1.4643422851562348e-07
0.030219780219780334,-1.4643422851562348e-07
0.031025641025641093,-2.440903808593759e-07
0.03183150183150185,-2.440903808593759e-07
0.03263736263736283,-1.4643422851562348e-07
0.03344322344322359,-1.4643422851562348e-07
0.03424908424908435,-1.9526230468750327e-07
0.03505494505494511,-1.9526230468750327e-07
0.03586080586080587,-1.9526230468750327e-07
0.03666666666666685,-1.4643422851562348e-07
0.037472527472527606,-1.4643422851562348e-07
0.038278388278388364,-2.440903808593759e-07
0.03908424908424912,-2.440903808593759e-07
0.03989010989010988,-1.9526230468750327e-07
0.04069597069597086,-9.76061523437508e-08
0.04150183150183162,-1.4643422851562348e-07
0.04230769230769238,-2.440903808593759e-07
0.04311355311355314,-2.440903808593759e-07
0.0439194139194139,-1.9526230468750327e-07
0.04472527472527488,-1.4643422851562348e-07
0.045531135531135636,-1.4643422851562348e-07
0.046336996336996394,-2.440903808593759e-07
0.04714285714285715,-2.929184570312486e-07
0.047948717948718134,-1.4643422851562348e-07
0.04875457875457889,-1.4643422851562348e-07
0.04956043956043965,-1.9526230468750327e-07
0.05036630036630041,-2.929184570312486e-07
0.05117216117216117,-2.440903808593759e-07
0.05197802197802215,-1.9526230468750327e-07
0.05278388278388291,-1.4643422851562348e-07
0.053589743589743666,-2.440903808593759e-07
0.054395604395604424,-2.440903808593759e-07
0.05520146520146518,-2.440903808593759e-07
0.056007326007326164,-1.4643422851562348e-07
0.05681318681318692,-9.76061523437508e-08
0.05761904761904768,-1.9526230468750327e-07
0.05842490842490844,-2.929184570312486e-07
0.05923076923076942,-2.440903808593759e-07
0.06003663003663018,-1.4643422851562348e-07
0.06084249084249094,-1.4643422851562348e-07
0.061648351648351696,-2.440903808593759e-07
0.062454212454212454,-2.440903808593759e-07
0.06326007326007344,-2.440903808593759e-07
0.0640659340659342,-1.4643422851562348e-07
0.06487179487179495,-1.9526230468750327e-07
0.06567765567765571,-2.440903808593759e-07
0.06648351648351647,-1.4643422851562348e-07
0.06728937728937745,-1.9526230468750327e-07
0.06809523809523821,-4.8778076171878125e-08
0.06890109890109897,-1.4643422851562348e-07
0.06970695970695973,-2.929184570312486e-07
0.0705128205128207,-2.929184570312486e-07
0.07131868131868146,-1.9526230468750327e-07
0.07212454212454222,-1.4643422851562348e-07
0.07293040293040298,-2.929184570312486e-07
0.07373626373626374,-2.929184570312486e-07
0.07454212454212472,-3.417465332031284e-07
0.07534798534798548,-1.4643422851562348e-07
0.07615384615384624,-1.4643422851562348e-07
0.076959706959707,-1.9526230468750327e-07
0.07776556776556776,-2.440903808593759e-07
0.07857142857142874,-2.440903808593759e-07
0.0793772893772895,-1.4643422851562348e-07
0.08018315018315025,-1.4643422851562348e-07
0.08098901098901101,-1.9526230468750327e-07
0.08179487179487199,-2.929184570312486e-07
0.08260073260073275,-2.440903808593759e-07
0.08340659340659351,-1.4643422851562348e-07
0.08421245421245427,-1.4643422851562348e-07
0.08501831501831503,-1.9526230468750327e-07
0.08582417582417601,-2.440903808593759e-07
0.08663003663003677,-2.440903808593759e-07
0.08743589743589752,-9.76061523437508e-08
0.08824175824175828,-1.9526230468750327e-07
0.08904761904761904,-2.440903808593759e-07
0.08985347985348002,-4.8778076171878125e-08
0.09065934065934078,-1.9526230468750327e-07
0.09146520146520154,-9.76061523437508e-08
0.0922710622710623,-1.4643422851562348e-07
0.09307692307692306,-2.440903808593759e-07
0.09388278388278404,-2.929184570312486e-07
0.0946886446886448,-1.4643422851562348e-07
0.09549450549450555,-1.4643422851562348e-07
0.09630036630036631,-1.9526230468750327e-07
0.0971062271062273,-2.440903808593759e-07
0.09791208791208805,-2.440903808593759e-07
0.09871794871794881,-1.9526230468750327e-07
0.09952380952380957,-1.9526230468750327e-07
0.10032967032967033,-1.9526230468750327e-07
0.10113553113553131,-2.440903808593759e-07
0.10194139194139207,-2.440903808593759e-07
0.10274725274725283,-1.9526230468750327e-07
0.10355311355311358,-1.4643422851562348e-07
0.10435897435897434,-2.440903808593759e-07
0.10516483516483532,-2.929184570312486e-07
0.10597069597069608,-1.9526230468750327e-07
0.10677655677655684,-1.4643422851562348e-07
0.1075824175824176,-1.4643422851562348e-07
0.10838827838827858,-1.9526230468750327e-07
0.10919413919413934,-3.417465332031284e-07
0.1100000000000001,-1.9526230468750327e-07
0.11080586080586086,-9.76061523437508e-08
0.11161172161172161,-1.4643422851562348e-07
0.1124175824175826,-1.9526230468750327e-07
0.11322344322344335,-1.4643422851562348e-07
0.11402930402930411,-1.9526230468750327e-07
0.11483516483516487,-9.76061523437508e-08
0.11564102564102563,-1.9526230468750327e-07
0.11644688644688661,-2.440903808593759e-07
0.11725274725274737,-2.929184570312486e-07
0.11805860805860813,-1.9526230468750327e-07
0.11886446886446889,-1.4643422851562348e-07
0.11967032967032987,-1.9526230468750327e-07
0.12047619047619063,-2.440903808593759e-07
0.12128205128205138,-2.440903808593759e-07
0.12208791208791214,-1.9526230468750327e-07
0.1228937728937729,-1.4643422851562348e-07
0.12369963369963388,-1.9526230468750327e-07
0.12450549450549464,-2.440903808593759e-07
0.1253113553113554,-2.440903808593759e-07
0.12611721611721616,-1.4643422851562348e-07
0.12692307692307692,-1.4643422851562348e-07
0.1277289377289379,-2.440903808593759e-07
0.12853479853479866,-2.440903808593759e-07
0.12934065934065941,-2.440903808593759e-07
0.13014652014652017,-1.4643422851562348e-07
0.13095238095238093,-1.4643422851562348e-07
0.1317582417582419,-1.9526230468750327e-07
0.13256410256410267,-2.440903808593759e-07
0.13336996336996343,-1.4643422851562348e-07
0.1341758241758242,-1.4643422851562348e-07
0.13498168498168517,-1.4643422851562348e-07
0.13578754578754593,-1.9526230468750327e-07
0.13659340659340669,-1.4643422851562348e-07
0.13739926739926744,-1.9526230468750327e-07
0.1382051282051282,-1.4643422851562348e-07
0.13901098901098918,-1.9526230468750327e-07
0.13981684981684994,-2.440903808593759e-07
0.1406227106227107,-2.929184570312486e-07
0.14142857142857146,-1.9526230468750327e-07
0.14223443223443222,-4.8778076171878125e-08
0.1430402930402932,-1.4643422851562348e-07
0.14384615384615396,-1.9526230468750327e-07
0.14465201465201472,-2.440903808593759e-07
0.14545787545787547,-1.9526230468750327e-07
0.14626373626373645,-1.4643422851562348e-07
0.1470695970695972,-1.9526230468750327e-07
0.14787545787545797,-2.440903808593759e-07
0.14868131868131873,-2.440903808593759e-07
0.1494871794871795,-1.4643422851562348e-07
0.15029304029304047,-1.4643422851562348e-07
0.15109890109890123,-1.9526230468750327e-07
0.151904761904762,-2.440903808593759e-07
0.15271062271062275,-1.9526230468750327e-07
0.1535164835164835,-1.4643422851562348e-07
0.15432234432234448,-1.4643422851562348e-07
0.15512820512820524,-9.76061523437508e-08
0.155934065934066,-2.440903808593759e-07
0.15673992673992676,-2.440903808593759e-07
0.15754578754578774,-9.76061523437508e-08
0.1583516483516485,-1.4643422851562348e-07
0.15915750915750926,-2.440903808593759e-07
0.15996336996337002,-1.4643422851562348e-07
0.16076923076923078,-1.9526230468750327e-07
0.16157509157509176,-1.4643422851562348e-07
0.16238095238095251,-1.9526230468750327e-07
0.16318681318681327,-2.440903808593759e-07
0.16399267399267403,-2.440903808593759e-07
0.1647985347985348,-1.9526230468750327e-07
0.16560439560439577,-1.4643422851562348e-07
0.16641025641025653,-1.4643422851562348e-07
0.1672161172161173,-2.440903808593759e-07
0.16802197802197805,-2.440903808593759e-07
0.1688278388278388,-1.9526230468750327e-07
0.16963369963369979,-1.4643422851562348e-07
0.17043956043956054,-1.9526230468750327e-07
0.1712454212454213,-2.440903808593759e-07
0.17205128205128206,-2.440903808593759e-07
0.17285714285714304,-1.4643422851562348e-07
0.1736630036630038,-1.9526230468750327e-07
0.17446886446886456,-1.9526230468750327e-07
0.17527472527472532,-2.929184570312486e-07
0.17608058608058608,-1.9526230468750327e-07
0.17688644688644706,-4.8778076171878125e-08
0.17769230769230782,-1.4643422851562348e-07
0.17849816849816857,-1.4643422851562348e-07
0.17930402930402933,-2.440903808593759e-07
0.1801098901098901,-1.9526230468750327e-07
0.18091575091575107,-1.4643422851562348e-07
0.18172161172161183,-1.4643422851562348e-07
0.1825274725274726,-2.440903808593759e-07
0.18333333333333335,-1.9526230468750327e-07
0.18413919413919433,-1.9526230468750327e-07
0.1849450549450551,-1.4643422851562348e-07
0.18575091575091585,-1.9526230468750327e-07
0.1865567765567766,-2.440903808593759e-07
0.18736263736263736,-2.440903808593759e-07
0.18816849816849834,-1.9526230468750327e-07
0.1889743589743591,-1.4643422851562348e-07
0.18978021978021986,-1.9526230468750327e-07
0.19058608058608062,-2.929184570312486e-07
0.19139194139194138,-2.440903808593759e-07
0.19219780219780236,-1.9526230468750327e-07
0.19300366300366312,-1.4643422851562348e-07
0.19380952380952388,-1.9526230468750327e-07
0.19461538461538463,-2.440903808593759e-07
0.19542124542124562,-2.929184570312486e-07
0.19622710622710637,-1.4643422851562348e-07
0.19703296703296713,-1.9526230468750327e-07
0.1978388278388279,-1.9526230468750327e-07
0.19864468864468865,-2.440903808593759e-07
0.19945054945054963,-2.440903808593759e-07
0.2002564102564104,-9.76061523437508e-08
0.19945054945054963,-1.4643422851562348e-07
0.19864468864468865,-1.9526230468750327e-07
0.1978388278388279,-2.440903808593759e-07
0.19703296703296713,-1.9526230468750327e-07
0.19622710622710637,-1.4643422851562348e-07
0.19542124542124562,-1.4643422851562348e-07
0.19461538461538463,-2.440903808593759e-07
0.19380952380952388,-1.9526230468750327e-07
0.19300366300366312,-1.9526230468750327e-07
0.19219780219780236,-1.4643422851562348e-07
0.19139194139194138,-1.9526230468750327e-07
0.19058608058608062,-2.440903808593759e-07
0.18978021978021986,-2.440903808593759e-07
0.1889743589743591,-1.9526230468750327e-07
0.18816849816849834,-1.4643422851562348e-07
0.18736263736263736,-2.440903808593759e-07
0.1865567765567766,-2.929184570312486e-07
0.18575091575091585,-2.440903808593759e-07
0.1849450549450551,-1.9526230468750327e-07
0.18413919413919433,-1.4643422851562348e-07
0.18333333333333335,-1.9526230468750327e-07
0.1825274725274726,-1.9526230468750327e-07
0.18172161172161183,-2.440903808593759e-07
0.18091575091575107,-1.4643422851562348e-07
0.1801098901098901,-1.4643422851562348e-07
0.17930402930402933,-1.9526230468750327e-07
0.17849816849816857,-2.440903808593759e-07
0.17769230769230782,-2.440903808593759e-07
0.17688644688644706,-1.4643422851562348e-07
0.17608058608058608,-1.4643422851562348e-07
0.17527472527472532,-1.9526230468750327e-07
0.17446886446886456,-2.929184570312486e-07
0.1736630036630038,-1.9526230468750327e-07
0.17285714285714304,-1.4643422851562348e-07
0.17205128205128206,-1.9526230468750327e-07
0.1712454212454213,-2.440903808593759e-07
0.17043956043956054,-2.929184570312486e-07
0.16963369963369979,-2.440903808593759e-07
0.1688278388278388,-1.4643422851562348e-07
0.16802197802197805,-1.9526230468750327e-07
0.1672161172161173,-2.440903808593759e-07
0.16641025641025653,-2.929184570312486e-07
0.16560439560439577,-1.9526230468750327e-07
0.1647985347985348,-9.76061523437508e-08
0.16399267399267403,-1.4643422851562348e-07
0.16318681318681327,-2.929184570312486e-07
0.16238095238095251,-2.440903808593759e-07
0.16157509157509176,-1.9526230468750327e-07
0.16076923076923078,-1.4643422851562348e-07
0.15996336996337002,-1.9526230468750327e-07
0.15915750915750926,-2.440903808593759e-07
0.1583516483516485,-2.440903808593759e-07
0.15754578754578774,-1.4643422851562348e-07
0.15673992673992676,-1.4643422851562348e-07
0.155934065934066,-2.440903808593759e-07
0.15512820512820524,-2.440903808593759e-07
0.15432234432234448,-2.440903808593759e-07
0.1535164835164835,-1.4643422851562348e-07
0.15271062271062275,-1.4643422851562348e-07
0.151904761904762,-1.9526230468750327e-07
0.15109890109890123,-2.929184570312486e-07
0.15029304029304047,-2.440903808593759e-07
0.1494871794871795,-1.4643422851562348e-07
0.14868131868131873,-1.4643422851562348e-07
0.14787545787545797,-1.4643422851562348e-07
0.1470695970695972,-2.929184570312486e-07
0.14626373626373645,-1.9526230468750327e-07
0.14545787545787547,-1.4643422851562348e-07
0.14465201465201472,-1.4643422851562348e-07
0.14384615384615396,-2.440903808593759e-07
0.1430402930402932,-2.929184570312486e-07
0.14223443223443222,-1.9526230468750327e-07
0.14142857142857146,-1.4643422851562348e-07
0.1406227106227107,-1.9526230468750327e-07
0.13981684981684994,-2.929184570312486e-07
0.13901098901098918,-2.440903808593759e-07
0.1382051282051282,-1.4643422851562348e-07
0.13739926739926744,-1.4643422851562348e-07
0.13659340659340669,-9.76061523437508e-08
0.13578754578754593,-2.440903808593759e-07
0.13498168498168517,-1.9526230468750327e-07
0.1341758241758242,-1.4643422851562348e-07
0.13336996336996343,-1.4643422851562348e-07
0.13256410256410267,-1.9526230468750327e-07
0.1317582417582419,-2.440903808593759e-07
0.13095238095238093,-2.440903808593759e-07
0.13014652014652017,-2.440903808593759e-07
0.12934065934065941,-1.4643422851562348e-07
0.12853479853479866,-1.9526230468750327e-07
0.1277289377289379,-2.440903808593759e-07
0.12692307692307692,-2.440903808593759e-07
0.12611721611721616,-1.4643422851562348e-07
0.1253113553113554,-1.4643422851562348e-07
0.12450549450549464,-2.440903808593759e-07
0.12369963369963388,-1.4643422851562348e-07
0.1228937728937729,-1.9526230468750327e-07
0.12208791208791214,-1.4643422851562348e-07
0.12128205128205138,-1.4643422851562348e-07
0.12047619047619063,-2.440903808593759e-07
0.11967032967032987,-2.440903808593759e-07
0.11886446886446889,-1.9526230468750327e-07
0.11805860805860813,-2.440903808593759e-07
0.11725274725274737,-1.9526230468750327e-07
0.11644688644688661,-2.929184570312486e-07
0.11564102564102563,-1.9526230468750327e-07
0.11483516483516487,-1.9526230468750327e-07
0.11402930402930411,-1.4643422851562348e-07
0.11322344322344335,-1.4643422851562348e-07
0.1124175824175826,-2.440903808593759e-07
0.11161172161172161,-2.440903808593759e-07
0.11080586080586086,-1.9526230468750327e-07
0.1100000000000001,-1.4643422851562348e-07
0.10919413919413934,-1.9526230468750327e-07
0.10838827838827858,-2.440903808593759e-07
0.1075824175824176,-2.440903808593759e-07
0.10677655677655684,-1.4643422851562348e-07
0.10597069597069608,-9.76061523437508e-08
0.10516483516483532,-2.440903808593759e-07
0.10435897435897434,-2.440903808593759e-07
0.10355311355311358,-2.440903808593759e-07
0.10274725274725283,-1.4643422851562348e-07
0.10194139194139207,-1.4643422851562348e-07
0.10113553113553131,-1.9526230468750327e-07
0.10032967032967033,-1.9526230468750327e-07
0.09952380952380957,-1.9526230468750327e-07
0.09871794871794881,-1.4643422851562348e-07
0.09791208791208805,-1.4643422851562348e-07
0.0971062271062273,-2.440903808593759e-07
0.09630036630036631,-2.440903808593759e-07
0.09549450549450555,-4.8778076171878125e-08
0.0946886446886448,-2.440903808593759e-07
0.09388278388278404,-1.9526230468750327e-07
0.09307692307692306,-2.929184570312486e-07
0.0922710622710623,-2.440903808593759e-07
0.09146520146520154,-1.4643422851562348e-07
0.09065934065934078,-2.440903808593759e-07
0.08985347985348002,-1.9526230468750327e-07
0.08904761904761904,-2.929184570312486e-07
0.08824175824175828,-2.440903808593759e-07
0.08743589743589752,-1.4643422851562348e-07
0.08663003663003677,-1.4643422851562348e-07
0.08582417582417601,-1.9526230468750327e-07
0.08501831501831503,-2.929184570312486e-07
0.08421245421245427,-1.9526230468750327e-07
0.08340659340659351,-1.4643422851562348e-07
0.08260073260073275,-1.4643422851562348e-07
0.08179487179487199,-2.440903808593759e-07
0.08098901098901101,-2.929184570312486e-07
0.08018315018315025,-2.440903808593759e-07
0.0793772893772895,-1.4643422851562348e-07
0.07857142857142874,-1.9526230468750327e-07
0.07776556776556776,-1.9526230468750327e-07
0.076959706959707,-2.440903808593759e-07
0.07615384615384624,-1.9526230468750327e-07
0.07534798534798548,-2.440903808593759e-07
0.07454212454212472,-1.4643422851562348e-07
0.07373626373626374,-1.4643422851562348e-07
0.07293040293040298,-2.440903808593759e-07
0.07212454212454222,-1.9526230468750327e-07
0.07131868131868146,-1.4643422851562348e-07
0.0705128205128207,-1.9526230468750327e-07
0.06970695970695973,-2.440903808593759e-07
0.06890109890109897,-2.929184570312486e-07
0.06809523809523821,-1.4643422851562348e-07
0.06728937728937745,-1.4643422851562348e-07
0.06648351648351647,-1.4643422851562348e-07
0.06567765567765571,-2.929184570312486e-07
0.06487179487179495,-2.440903808593759e-07
0.0640659340659342,-1.9526230468750327e-07
0.06326007326007344,-1.4643422851562348e-07
0.062454212454212454,-2.440903808593759e-07
0.061648351648351696,-2.440903808593759e-07
0.06084249084249094,-1.9526230468750327e-07
0.06003663003663018,-1.4643422851562348e-07
0.05923076923076942,-1.4643422851562348e-07
0.05842490842490844,-2.440903808593759e-07
0.05761904761904768,-2.929184570312486e-07
0.05681318681318692,-2.440903808593759e-07
0.056007326007326164,-1.4643422851562348e-07
0.05520146520146518,-1.4643422851562348e-07
0.054395604395604424,-1.9526230468750327e-07
0.053589743589743666,-2.929184570312486e-07
0.05278388278388291,-1.9526230468750327e-07
0.05197802197802215,-1.4643422851562348e-07
0.05117216117216117,-1.4643422851562348e-07
0.05036630036630041,-2.440903808593759e-07
0.04956043956043965,-1.4643422851562348e-07
0.04875457875457889,-1.9526230468750327e-07
0.047948717948718134,-1.4643422851562348e-07
0.04714285714285715,-1.9526230468750327e-07
0.046336996336996394,-2.440903808593759e-07
0.045531135531135636,-2.929184570312486e-07
0.04472527472527488,-1.9526230468750327e-07
0.0439194139194139,-1.4643422851562348e-07
0.04311355311355314,-1.9526230468750327e-07
0.04230769230769238,-2.929184570312486e-07
0.04150183150183162,-2.440903808593759e-07
0.04069597069597086,-1.9526230468750327e-07
0.03989010989010988,-1.4643422851562348e-07
0.03908424908424912,-1.4643422851562348e-07
0.038278388278388364,-2.440903808593759e-07
0.037472527472527606,-2.440903808593759e-07
0.03666666666666685,-1.4643422851562348e-07
0.03586080586080587,-1.4643422851562348e-07
0.03505494505494511,-1.9526230468750327e-07
0.03424908424908435,-2.440903808593759e-07
0.03344322344322359,-2.440903808593759e-07
0.03263736263736283,-1.4643422851562348e-07
0.03183150183150185,-1.4643422851562348e-07
0.031025641025641093,-2.440903808593759e-07
0.030219780219780334,-2.440903808593759e-07
0.029413919413919576,-2.440903808593759e-07
0.028608058608058595,-1.4643422851562348e-07
0.027802197802197837,-4.8778076171878125e-08
0.026996336996337078,-2.440903808593759e-07
0.02619047619047632,-9.76061523437508e-08
0.02538461538461556,-1.9526230468750327e-07
0.02457875457875458,-1.4643422851562348e-07
0.02377289377289382,-1.4643422851562348e-07
0.022967032967033063,-2.440903808593759e-07
0.022161172161172304,-2.440903808593759e-07
0.021355311355311546,-1.9526230468750327e-07
0.020549450549450565,-2.440903808593759e-07
0.019743589743589807,-1.4643422851562348e-07
0.018937728937729048,-2.929184570312486e-07
0.01813186813186829,-2.440903808593759e-07
0.01732600732600731,-1.9526230468750327e-07
0.01652014652014655,-1.4643422851562348e-07
0.01571428571428579,-1.9526230468750327e-07
0.014908424908425033,-2.929184570312486e-07
0.014102564102564275,-2.929184570312486e-07
0.013296703296703294,-1.4643422851562348e-07
0.012490842490842535,-1.4643422851562348e-07
0.011684981684981777,-1.9526230468750327e-07
0.010879120879121018,-2.440903808593759e-07
0.01007326007326026,-2.440903808593759e-07
0.009267399267399279,-1.4643422851562348e-07
0.00846153846153852,-1.4643422851562348e-07
0.007655677655677762,-2.440903808593759e-07
0.006849816849817003,-2.929184570312486e-07
0.0060439560439560225,-1.4643422851562348e-07
0.005238095238095264,-9.76061523437508e-08
0.004432234432234505,-1.4643422851562348e-07
0.0036263736263737467,-1.9526230468750327e-07
0.002820512820512988,-2.440903808593759e-07
0.0020146520146520075,-1.9526230468750327e-07
0.001208791208791249,-1.4643422851562348e-07
0.0004029304029304903,-1.4643422851562348e-07
-0.00040293040293026827,-2.440903808593759e-07
-0.0012087912087910269,-2.440903808593759e-07
-0.0020146520146520075,-1.9526230468750327e-07
-0.002820512820512766,-9.76061523437508e-08
-0.0036263736263735247,-1.9526230468750327e-07
-0.004432234432234283,-2.440903808593759e-07
-0.005238095238095042,-2.929184570312486e-07
-0.0060439560439560225,-1.9526230468750327e-07
-0.006849816849816781,-1.4643422851562348e-07
-0.00765567765567754,-1.4643422851562348e-07
-0.008461538461538298,-2.929184570312486e-07
-0.009267399267399279,-2.440903808593759e-07
-0.010073260073260037,-1.9526230468750327e-07
-0.010879120879120796,-1.4643422851562348e-07
-0.011684981684981555,-1.9526230468750327e-07
-0.012490842490842313,-2.440903808593759e-07
-0.013296703296703294,-1.4643422851562348e-07
-0.014102564102564052,-1.4643422851562348e-07
-0.014908424908424811,-1.4643422851562348e-07
-0.01571428571428557,-1.9526230468750327e-07
-0.016520146520146328,-2.929184570312486e-07
-0.01732600732600731,-2.440903808593759e-07
-0.018131868131868067,-1.4643422851562348e-07
-0.018937728937728826,-1.4643422851562348e-07
-0.019743589743589585,-1.9526230468750327e-07
-0.020549450549450565,-2.440903808593759e-07
-0.021355311355311324,-1.9526230468750327e-07
-0.022161172161172082,-1.4643422851562348e-07
-0.02296703296703284,-1.4643422851562348e-07
-0.0237728937728936,-2.929184570312486e-07
-0.02457875457875458,-2.929184570312486e-07
-0.02538461538461534,-1.9526230468750327e-07
-0.026190476190476097,-1.4643422851562348e-07
-0.026996336996336856,-1.4643422851562348e-07
-0.027802197802197615,-2.440903808593759e-07
-0.028608058608058595,-2.929184570312486e-07
-0.029413919413919354,-1.9526230468750327e-07
-0.030219780219780112,-1.4643422851562348e-07
-0.03102564102564087,-1.9526230468750327e-07
-0.03183150183150185,-2.929184570312486e-07
-0.03263736263736261,-2.440903808593759e-07
-0.03344322344322337,-1.9526230468750327e-07
-0.03424908424908413,-1.4643422851562348e-07
-0.035054945054944886,-9.76061523437508e-08
-0.03586080586080587,-2.440903808593759e-07
-0.036666666666666625,-2.440903808593759e-07
-0.037472527472527384,-9.76061523437508e-08
-0.03827838827838814,-1.4643422851562348e-07
-0.0390842490842489,-1.9526230468750327e-07
-0.03989010989010988,-2.440903808593759e-07
-0.04069597069597064,-2.440903808593759e-07
-0.0415018315018314,-1.4643422851562348e-07
-0.04230769230769216,-1.4643422851562348e-07
-0.043113553113552916,-1.9526230468750327e-07
-0.0439194139194139,-2.929184570312486e-07
-0.044725274725274655,-2.440903808593759e-07
-0.045531135531135414,-1.4643422851562348e-07
-0.04633699633699617,-1.4643422851562348e-07
-0.04714285714285715,-1.9526230468750327e-07
-0.04794871794871791,-9.76061523437508e-08
-0.04875457875457867,-1.9526230468750327e-07
-0.04956043956043943,-1.4643422851562348e-07
-0.05036630036630019,-1.4643422851562348e-07
-0.05117216117216117,-2.440903808593759e-07
-0.05197802197802193,-2.440903808593759e-07
-0.052783882783882685,-1.9526230468750327e-07
-0.053589743589743444,-1.9526230468750327e-07
-0.0543956043956042,-1.4643422851562348e-07
-0.05520146520146518,-2.440903808593759e-07
-0.05600732600732594,-2.440903808593759e-07
-0.0568131868131867,-1.9526230468750327e-07
-0.05761904761904746,-1.4643422851562348e-07
-0.05842490842490844,-2.440903808593759e-07
-0.0592307692307692,-1.9526230468750327e-07
-0.06003663003662996,-2.440903808593759e-07
-0.060842490842490715,-1.9526230468750327e-07
-0.061648351648351474,-1.4643422851562348e-07
-0.062454212454212454,-1.9526230468750327e-07
-0.06326007326007321,-2.440903808593759e-07
-0.06406593406593397,-2.440903808593759e-07
-0.06487179487179473,-1.4643422851562348e-07
-0.06567765567765549,-1.4643422851562348e-07
-0.06648351648351647,-1.9526230468750327e-07
-0.06728937728937723,-2.440903808593759e-07
-0.06809523809523799,-1.4643422851562348e-07
-0.06890109890109875,-1.4643422851562348e-07
-0.06970695970695973,-1.4643422851562348e-07
-0.07051282051282048,-2.440903808593759e-07
-0.07131868131868124,-2.929184570312486e-07
-0.072124542124542,-1.9526230468750327e-07
-0.07293040293040276,-1.4643422851562348e-07
-0.07373626373626374,-1.4643422851562348e-07
-0.0745421245421245,-2.440903808593759e-07
-0.07534798534798526,-2.440903808593759e-07
-0.07615384615384602,-1.9526230468750327e-07
-0.07695970695970678,-1.4643422851562348e-07
-0.07776556776556776,-1.4643422851562348e-07
-0.07857142857142851,-2.440903808593759e-07
-0.07937728937728927,-2.929184570312486e-07
-0.08018315018315003,-1.9526230468750327e-07
-0.08098901098901101,-1.4643422851562348e-07
-0.08179487179487177,-1.9526230468750327e-07
-0.08260073260073253,-1.9526230468750327e-07
-0.08340659340659329,-2.440903808593759e-07
-0.08421245421245405,-1.4643422851562348e-07
-0.08501831501831503,-1.4643422851562348e-07
-0.08582417582417579,-1.9526230468750327e-07
-0.08663003663003654,-2.440903808593759e-07
-0.0874358974358973,-3.417465332031284e-07
-0.08824175824175806,-1.9526230468750327e-07
-0.08904761904761904,-1.4643422851562348e-07
-0.0898534798534798,-2.440903808593759e-07
-0.09065934065934056,-2.440903808593759e-07
-0.09146520146520132,-2.440903808593759e-07
-0.09227106227106208,-1.4643422851562348e-07
-0.09307692307692306,-1.4643422851562348e-07
-0.09388278388278382,-1.9526230468750327e-07
-0.09468864468864457,-2.929184570312486e-07
-0.09549450549450533,-2.440903808593759e-07
-0.09630036630036631,-9.76061523437508e-08
-0.09710622710622707,-1.4643422851562348e-07
-0.09791208791208783,-1.9526230468750327e-07
-0.09871794871794859,-1.4643422851562348e-07
-0.09952380952380935,-1.9526230468750327e-07
-0.10032967032967033,-1.4643422851562348e-07
-0.09952380952380935,-1.9526230468750327e-07
-0.09871794871794859,-2.440903808593759e-07
-0.09791208791208783,-2.440903808593759e-07
-0.09710622710622707,-1.9526230468750327e-07
-0.09630036630036631,-2.440903808593759e-07
-0.09549450549450533,-1.9526230468750327e-07
-0.09468864468864457,-2.440903808593759e-07
-0.09388278388278382,-2.440903808593759e-07
-0.09307692307692306,-1.9526230468750327e-07
-0.09227106227106208,-1.4643422851562348e-07
-0.09146520146520132,-2.440903808593759e-07
-0.09065934065934056,-2.440903808593759e-07
-0.0898534798534798,-2.929184570312486e-07
-0.08904761904761904,-1.9526230468750327e-07
-0.08824175824175806,-1.4643422851562348e-07
-0.0874358974358973,-1.9526230468750327e-07
-0.08663003663003654,-2.929184570312486e-07
-0.08582417582417579,-2.440903808593759e-07
-0.08501831501831503,-1.4643422851562348e-07
-0.08421245421245405,-1.4643422851562348e-07
-0.08340659340659329,-2.929184570312486e-07
-0.08260073260073253,-2.929184570312486e-07
-0.08179487179487177,-1.9526230468750327e-07
-0.08098901098901101,-1.4643422851562348e-07
-0.08018315018315003,-1.9526230468750327e-07
-0.07937728937728927,-2.440903808593759e-07
-0.07857142857142851,-1.4643422851562348e-07
-0.07776556776556776,-1.9526230468750327e-07
-0.07695970695970678,-1.4643422851562348e-07
-0.07615384615384602,-1.4643422851562348e-07
-0.07534798534798526,-2.440903808593759e-07
-0.0745421245421245,-2.440903808593759e-07
-0.07373626373626374,-1.9526230468750327e-07
-0.07293040293040276,-9.76061523437508e-08
-0.072124542124542,-1.4643422851562348e-07
-0.07131868131868124,-2.440903808593759e-07
-0.07051282051282048,-2.929184570312486e-07
-0.06970695970695973,-1.9526230468750327e-07
-0.06890109890109875,-1.4643422851562348e-07
-0.06809523809523799,-1.9526230468750327e-07
-0.06728937728937723,-2.929184570312486e-07
-0.06648351648351647,-2.440903808593759e-07
-0.06567765567765549,-9.76061523437508e-08
-0.06487179487179473,-1.4643422851562348e-07
-0.06406593406593397,-2.440903808593759e-07
-0.06326007326007321,-2.440903808593759e-07
-0.062454212454212454,-2.440903808593759e-07
-0.061648351648351474,-9.76061523437508e-08
-0.060842490842490715,-1.4643422851562348e-07
-0.06003663003662996,-1.9526230468750327e-07
-0.0592307692307692,-2.440903808593759e-07
-0.05842490842490844,-2.440903808593759e-07
-0.05761904761904746,-1.4643422851562348e-07
-0.0568131868131867,-1.4643422851562348e-07
-0.05600732600732594,-1.9526230468750327e-07
-0.05520146520146518,-2.929184570312486e-07
-0.0543956043956042,-1.4643422851562348e-07
-0.053589743589743444,-9.76061523437508e-08
-0.052783882783882685,-9.76061523437508e-08
-0.05197802197802193,-2.440903808593759e-07
-0.05117216117216117,-1.4643422851562348e-07
-0.05036630036630019,-2.440903808593759e-07
-0.04956043956043943,-1.4643422851562348e-07
-0.04875457875457867,-1.4643422851562348e-07
-0.04794871794871791,-2.440903808593759e-07
-0.04714285714285715,-2.440903808593759e-07
-0.04633699633699617,-1.9526230468750327e-07
-0.045531135531135414,-2.440903808593759e-07
-0.044725274725274655,-1.9526230468750327e-07
-0.0439194139194139,-2.440903808593759e-07
-0.043113553113552916,-2.440903808593759e-07
-0.04230769230769216,-1.9526230468750327e-07
-0.0415018315018314,-1.4643422851562348e-07
-0.04069597069597064,-1.9526230468750327e-07
-0.03989010989010988,-2.929184570312486e-07
-0.0390842490842489,-2.440903808593759e-07
-0.03827838827838814,-1.4643422851562348e-07
-0.037472527472527384,-1.4643422851562348e-07
-0.036666666666666625,-1.9526230468750327e-07
-0.03586080586080587,-2.440903808593759e-07
-0.035054945054944886,-2.440903808593759e-07
-0.03424908424908413,-1.4643422851562348e-07
-0.03344322344322337,-1.4643422851562348e-07
-0.03263736263736261,-1.9526230468750327e-07
-0.03183150183150185,-2.440903808593759e-07
-0.03102564102564087,-1.9526230468750327e-07
-0.030219780219780112,-1.4643422851562348e-07
-0.029413919413919354,-1.9526230468750327e-07
-0.028608058608058595,-2.440903808593759e-07
-0.027802197802197615,-2.440903808593759e-07
-0.026996336996336856,-2.440903808593759e-07
-0.026190476190476097,-1.4643422851562348e-07
-0.02538461538461534,-1.4643422851562348e-07
-0.02457875457875458,-2.440903808593759e-07
-0.0237728937728936,-2.440903808593759e-07
-0.02296703296703284,-1.9526230468750327e-07
-0.022161172161172082,-1.4643422851562348e-07
-0.021355311355311324,-1.4643422851562348e-07
-0.020549450549450565,-2.440903808593759e-07
-0.019743589743589585,-2.929184570312486e-07
-0.018937728937728826,-1.9526230468750327e-07
-0.018131868131868067,-9.76061523437508e-08
-0.01732600732600731,-1.9526230468750327e-07
-0.016520146520146328,-2.929184570312486e-07
-0.01571428571428557,-2.440903808593759e-07
-0.014908424908424811,-1.9526230468750327e-07
-0.014102564102564052,-1.4643422851562348e-07
-0.013296703296703294,-1.9526230468750327e-07
-0.012490842490842313,-2.440903808593759e-07
-0.011684981684981555,-2.440903808593759e-07
-0.010879120879120796,-4.8778076171878125e-08
-0.010073260073260037,-1.4643422851562348e-07
-0.009267399267399279,-1.9526230468750327e-07
-0.008461538461538298,-2.440903808593759e-07
-0.00765567765567754,-2.440903808593759e-07
-0.006849816849816781,-1.4643422851562348e-07
-0.0060439560439560225,-1.4643422851562348e-07
-0.005238095238095042,-2.440903808593759e-07
-0.004432234432234283,-1.4643422851562348e-07
-0.0036263736263735247,-2.440903808593759e-07
-0.002820512820512766,-1.4643422851562348e-07
-0.0020146520146520075,-1.4643422851562348e-07
-0.0012087912087910269,-1.9526230468750327e-07
-0.00040293040293026827,-2.929184570312486e-07
0.0004029304029304903,-2.440903808593759e-07
0.001208791208791249,-1.9526230468750327e-07
0.0020146520146520075,-1.4643422851562348e-07
0.002820512820512988,-2.440903808593759e-07
0.0036263736263737467,-2.440903808593759e-07
0.004432234432234505,-1.9526230468750327e-07
0.005238095238095264,-1.4643422851562348e-07
0.0060439560439560225,-1.9526230468750327e-07
0.006849816849817003,-2.440903808593759e-07
0.007655677655677762,-2.929184570312486e-07
0.00846153846153852,-1.9526230468750327e-07
0.009267399267399279,-1.4643422851562348e-07
0.01007326007326026,-1.4643422851562348e-07
0.010879120879121018,-2.929184570312486e-07
0.011684981684981777,-2.440903808593759e-07
0.012490842490842535,-1.9526230468750327e-07
0.013296703296703294,-1.4643422851562348e-07
0.014102564102564275,-1.9526230468750327e-07
0.014908424908425033,-2.440903808593759e-07
0.01571428571428579,-2.440903808593759e-07
0.01652014652014655,-1.4643422851562348e-07
0.01732600732600731,-1.4643422851562348e-07
0.01813186813186829,-1.9526230468750327e-07
0.018937728937729048,-2.929184570312486e-07
0.019743589743589807,-2.440903808593759e-07
0.020549450549450565,-1.4643422851562348e-07
0.021355311355311546,-1.4643422851562348e-07
0.022161172161172304,-1.9526230468750327e-07
0.022967032967033063,-2.929184570312486e-07
0.02377289377289382,-2.440903808593759e-07
0.02457875457875458,-1.4643422851562348e-07
0.02538461538461556,-1.4643422851562348e-07
0.02619047619047632,-2.440903808593759e-07
0.026996336996337078,-1.4643422851562348e-07
0.027802197802197837,-1.9526230468750327e-07
0.028608058608058595,-1.4643422851562348e-07
0.029413919413919576,-1.4643422851562348e-07
0.030219780219780334,-2.440903808593759e-07
0.031025641025641093,-2.440903808593759e-07
0.03183150183150185,-2.440903808593759e-07
0.03263736263736283,-2.440903808593759e-07
0.03344322344322359,-1.4643422851562348e-07
0.03424908424908435,-2.440903808593759e-07
0.03505494505494511,-2.929184570312486e-07
0.03586080586080587,-1.4643422851562348e-07
0.03666666666666685,-1.4643422851562348e-07
0.037472527472527606,-1.9526230468750327e-07
0.038278388278388364,-2.929184570312486e-07
0.03908424908424912,-2.440903808593759e-07
0.03989010989010988,-1.4643422851562348e-07
0.04069597069597086,-1.4643422851562348e-07
0.04150183150183162,-1.9526230468750327e-07
0.04230769230769238,-2.440903808593759e-07
0.04311355311355314,-2.440903808593759e-07
0.0439194139194139,-1.9526230468750327e-07
0.04472527472527488,-1.4643422851562348e-07
0.045531135531135636,-2.440903808593759e-07
0.046336996336996394,-2.929184570312486e-07
0.04714285714285715,-2.440903808593759e-07
0.047948717948718134,-1.4643422851562348e-07
0.04875457875457889,-1.4643422851562348e-07
0.04956043956043965,-1.9526230468750327e-07
0.05036630036630041,-2.929184570312486e-07
0.05117216117216117,-1.9526230468750327e-07
0.05197802197802215,-1.4643422851562348e-07
0.05278388278388291,-1.4643422851562348e-07
0.053589743589743666,-1.9526230468750327e-07
0.054395604395604424,-4.8778076171878125e-08
0.05520146520146518,-1.9526230468750327e-07
0.056007326007326164,-1.4643422851562348e-07
0.05681318681318692,-1.4643422851562348e-07
0.05761904761904768,-2.440903808593759e-07
0.05842490842490844,-2.440903808593759e-07
0.05923076923076942,-1.9526230468750327e-07
0.06003663003663018,-1.9526230468750327e-07
0.06084249084249094,-1.9526230468750327e-07
0.061648351648351696,-2.440903808593759e-07
0.062454212454212454,-2.440903808593759e-07
0.06326007326007344,-1.9526230468750327e-07
0.0640659340659342,-1.4643422851562348e-07
0.06487179487179495,-1.9526230468750327e-07
0.06567765567765571,-2.929184570312486e-07
0.06648351648351647,-2.929184570312486e-07
0.06728937728937745,-1.9526230468750327e-07
0.06809523809523821,-1.4643422851562348e-07
0.06890109890109897,-1.9526230468750327e-07
0.06970695970695973,-2.440903808593759e-07
0.0705128205128207,-2.440903808593759e-07
0.07131868131868146,-1.9526230468750327e-07
0.07212454212454222,-1.4643422851562348e-07
0.07293040293040298,-1.9526230468750327e-07
0.07373626373626374,-2.929184570312486e-07
0.07454212454212472,-2.440903808593759e-07
0.07534798534798548,-1.4643422851562348e-07
0.07615384615384624,-1.9526230468750327e-07
0.076959706959707,-2.440903808593759e-07
0.07776556776556776,-1.9526230468750327e-07
0.07857142857142874,-1.9526230468750327e-07
0.0793772893772895,-1.4643422851562348e-07
0.08018315018315025,-1.4643422851562348e-07
0.08098901098901101,-2.440903808593759e-07
0.08179487179487199,-2.440903808593759e-07
0.08260073260073275,-1.9526230468750327e-07
0.08340659340659351,-1.4643422851562348e-07
0.08421245421245427,-1.9526230468750327e-07
0.08501831501831503,-2.440903808593759e-07
0.08582417582417601,-2.929184570312486e-07
0.08663003663003677,-1.9526230468750327e-07
0.08743589743589752,-1.4643422851562348e-07
0.08824175824175828,-1.9526230468750327e-07
0.08904761904761904,-2.440903808593759e-07
0.08985347985348002,-2.440903808593759e-07
0.09065934065934078,-1.9526230468750327e-07
0.09146520146520154,-1.4643422851562348e-07
0.0922710622710623,-1.9526230468750327e-07
0.09307692307692306,-2.440903808593759e-07
0.09388278388278404,-2.440903808593759e-07
0.0946886446886448,-1.4643422851562348e-07
0.09549450549450555,-1.4643422851562348e-07
0.09630036630036631,-1.9526230468750327e-07
0.0971062271062273,-2.440903808593759e-07
0.09791208791208805,-1.4643422851562348e-07
0.09871794871794881,-1.4643422851562348e-07
0.09952380952380957,-1.4643422851562348e-07
0.10032967032967033,-2.440903808593759e-07
0.10113553113553131,-2.929184570312486e-07
0.10194139194139207,-2.440903808593759e-07
0.10274725274725283,-9.76061523437508e-08
0.10355311355311358,-1.4643422851562348e-07
0.10435897435897434,-9.76061523437508e-08
0.10516483516483532,-2.929184570312486e-07
0.10597069597069608,-2.440903808593759e-07
0.10677655677655684,-1.4643422851562348e-07
0.1075824175824176,-1.4643422851562348e-07
0.10838827838827858,-2.929184570312486e-07
0.10919413919413934,-2.440903808593759e-07
0.1100000000000001,-1.9526230468750327e-07
0.11080586080586086,-2.440903808593759e-07
0.11161172161172161,-1.9526230468750327e-07
0.1124175824175826,-2.440903808593759e-07
0.11322344322344335,-2.929184570312486e-07
0.11402930402930411,-1.9526230468750327e-07
0.11483516483516487,-1.4643422851562348e-07
0.11564102564102563,-1.9526230468750327e-07
0.11644688644688661,-2.929184570312486e-07
0.11725274725274737,-1.4643422851562348e-07
0.11805860805860813,-1.9526230468750327e-07
0.11886446886446889,-9.76061523437508e-08
0.11967032967032987,-1.9526230468750327e-07
0.12047619047619063,-2.440903808593759e-07
0.12128205128205138,-2.440903808593759e-07
0.12208791208791214,-1.9526230468750327e-07
0.1228937728937729,-1.4643422851562348e-07
0.12369963369963388,-2.440903808593759e-07
0.12450549450549464,-2.440903808593759e-07
0.1253113553113554,-2.440903808593759e-07
0.12611721611721616,-1.4643422851562348e-07
0.12692307692307692,-1.4643422851562348e-07
0.1277289377289379,-1.9526230468750327e-07
0.12853479853479866,-2.440903808593759e-07
0.12934065934065941,-1.9526230468750327e-07
0.13014652014652017,-9.76061523437508e-08
0.13095238095238093,-1.4643422851562348e-07
0.1317582417582419,-2.440903808593759e-07
0.13256410256410267,-1.9526230468750327e-07
0.13336996336996343,-1.9526230468750327e-07
0.1341758241758242,-1.9526230468750327e-07
0.13498168498168517,-1.4643422851562348e-07
0.13578754578754593,-1.9526230468750327e-07
0.13659340659340669,-2.440903808593759e-07
0.13739926739926744,-1.9526230468750327e-07
0.1382051282051282,-2.440903808593759e-07
0.13901098901098918,-1.9526230468750327e-07
0.13981684981684994,-2.440903808593759e-07
0.1406227106227107,-2.440903808593759e-07
0.14142857142857146,-1.9526230468750327e-07
0.14223443223443222,-1.4643422851562348e-07
0.1430402930402932,-1.4643422851562348e-07
0.14384615384615396,-2.929184570312486e-07
0.14465201465201472,-2.440903808593759e-07
0.14545787545787547,-1.9526230468750327e-07
0.14626373626373645,-1.4643422851562348e-07
0.1470695970695972,-1.9526230468750327e-07
0.14787545787545797,-2.440903808593759e-07
0.14868131868131873,-2.440903808593759e-07
0.1494871794871795,-1.4643422851562348e-07
0.15029304029304047,-1.4643422851562348e-07
0.15109890109890123,-1.9526230468750327e-07
0.151904761904762,-2.440903808593759e-07
0.15271062271062275,-2.440903808593759e-07
0.1535164835164835,-1.9526230468750327e-07
0.15432234432234448,-1.4643422851562348e-07
0.15512820512820524,-2.440903808593759e-07
0.155934065934066,-2.440903808593759e-07
0.15673992673992676,-2.440903808593759e-07
0.15754578754578774,-9.76061523437508e-08
0.1583516483516485,-1.4643422851562348e-07
0.15915750915750926,-2.440903808593759e-07
0.15996336996337002,-1.4643422851562348e-07
0.16076923076923078,-1.9526230468750327e-07
0.16157509157509176,-1.4643422851562348e-07
0.16238095238095251,-1.4643422851562348e-07
0.16318681318681327,-2.440903808593759e-07
0.16399267399267403,-2.440903808593759e-07
0.1647985347985348,-2.440903808593759e-07
0.16560439560439577,-2.440903808593759e-07
0.16641025641025653,-1.4643422851562348e-07
0.1672161172161173,-2.440903808593759e-07
0.16802197802197805,-2.929184570312486e-07
0.1688278388278388,-1.9526230468750327e-07
0.16963369963369979,-1.4643422851562348e-07
0.17043956043956054,-1.9526230468750327e-07
0.1712454212454213,-2.929184570312486e-07
0.17205128205128206,-2.440903808593759e-07
0.17285714285714304,-1.9526230468750327e-07
0.1736630036630038,-1.4643422851562348e-07
0.17446886446886456,-2.440903808593759e-07
0.17527472527472532,-2.440903808593759e-07
0.17608058608058608,-2.440903808593759e-07
0.17688644688644706,-1.4643422851562348e-07
0.17769230769230782,-1.4643422851562348e-07
0.17849816849816857,-3.417465332031284e-07
0.17930402930402933,-2.929184570312486e-07
0.1801098901098901,-2.440903808593759e-07
0.18091575091575107,-1.4643422851562348e-07
0.18172161172161183,-1.4643422851562348e-07
0.1825274725274726,-1.9526230468750327e-07
0.18333333333333335,-2.440903808593759e-07
0.18413919413919433,-2.440903808593759e-07
0.1849450549450551,-9.76061523437508e-08
0.18575091575091585,-1.4643422851562348e-07
0.1865567765567766,-1.9526230468750327e-07
0.18736263736263736,-1.9526230468750327e-07
0.18816849816849834,-1.9526230468750327e-07
0.1889743589743591,-1.4643422851562348e-07
0.18978021978021986,-1.4643422851562348e-07
0.19058608058608062,-2.440903808593759e-07
0.19139194139194138,-3.417465332031284e-07
0.19219780219780236,-1.9526230468750327e-07
0.19300366300366312,-2.440903808593759e-07
0.19380952380952388,-1.9526230468750327e-07
0.19461538461538463,-2.440903808593759e-07
0.19542124542124562,-2.440903808593759e-07
0.19622710622710637,-1.9526230468750327e-07
0.19703296703296713,-1.4643422851562348e-07
0.1978388278388279,-1.9526230468750327e-07
0.19864468864468865,-2.929184570312486e-07
0.19945054945054963,-2.440903808593759e-07
0.2002564102564104,-1.4643422851562348e-07
0.19945054945054963,-1.4643422851562348e-07
0.19864468864468865,-1.9526230468750327e-07
0.1978388278388279,-2.440903808593759e-07
0.19703296703296713,-2.440903808593759e-07
0.19622710622710637,-1.9526230468750327e-07
0.19542124542124562,-1.4643422851562348e-07
0.19461538461538463,-1.9526230468750327e-07
0.19380952380952388,-2.929184570312486e-07
0.19300366300366312,-2.440903808593759e-07
0.19219780219780236,-1.4643422851562348e-07
0.19139194139194138,-1.9526230468750327e-07
0.19058608058608062,-1.9526230468750327e-07
0.18978021978021986,-2.440903808593759e-07
0.1889743589743591,-1.9526230468750327e-07
0.18816849816849834,-1.4643422851562348e-07
0.18736263736263736,-1.4643422851562348e-07
0.1865567765567766,-2.440903808593759e-07
0.18575091575091585,-1.4643422851562348e-07
0.1849450549450551,-1.9526230468750327e-07
0.18413919413919433,-1.4643422851562348e-07
0.18333333333333335,-1.4643422851562348e-07
0.1825274725274726,-2.440903808593759e-07
0.18172161172161183,-2.440903808593759e-07
0.18091575091575107,-1.9526230468750327e-07
0.1801098901098901,-1.4643422851562348e-07
0.17930402930402933,-1.4643422851562348e-07
0.17849816849816857,-2.440903808593759e-07
0.17769230769230782,-2.440903808593759e-07
0.17688644688644706,-1.9526230468750327e-07
0.17608058608058608,-1.4643422851562348e-07
0.17527472527472532,-2.440903808593759e-07
0.17446886446886456,-2.440903808593759e-07
0.1736630036630038,-2.440903808593759e-07
0.17285714285714304,-1.9526230468750327e-07
0.17205128205128206,-1.4643422851562348e-07
0.1712454212454213,-1.9526230468750327e-07
0.17043956043956054,-2.440903808593759e-07
0.16963369963369979,-2.440903808593759e-07
0.1688278388278388,-1.4643422851562348e-07
0.16802197802197805,-9.76061523437508e-08
0.1672161172161173,-1.9526230468750327e-07
0.16641025641025653,-2.929184570312486e-07
0.16560439560439577,-1.9526230468750327e-07
0.1647985347985348,-1.4643422851562348e-07
0.16399267399267403,-1.4643422851562348e-07
0.16318681318681327,-2.440903808593759e-07
0.16238095238095251,-2.440903808593759e-07
0.16157509157509176,-1.9526230468750327e-07
0.16076923076923078,-1.4643422851562348e-07
0.15996336996337002,-1.4643422851562348e-07
0.15915750915750926,-2.440903808593759e-07
0.1583516483516485,-2.440903808593759e-07
0.15754578754578774,-1.9526230468750327e-07
0.15673992673992676,-2.440903808593759e-07
0.155934065934066,-1.4643422851562348e-07
0.15512820512820524,-2.440903808593759e-07
0.15432234432234448,-2.929184570312486e-07
0.1535164835164835,-1.9526230468750327e-07
0.15271062271062275,-4.8778076171878125e-08
0.151904761904762,-1.9526230468750327e-07
0.15109890109890123,-2.440903808593759e-07
0.15029304029304047,-2.440903808593759e-07
0.1494871794871795,-1.9526230468750327e-07
0.14868131868131873,-9.76061523437508e-08
0.14787545787545797,-1.9526230468750327e-07
0.1470695970695972,-2.440903808593759e-07
0.14626373626373645,-2.440903808593759e-07
0.14545787545787547,-1.9526230468750327e-07
0.14465201465201472,-1.9526230468750327e-07
0.14384615384615396,-2.440903808593759e-07
0.1430402930402932,-2.929184570312486e-07
0.14223443223443222,-1.9526230468750327e-07
0.14142857142857146,-1.4643422851562348e-07
0.1406227106227107,-1.4643422851562348e-07
0.13981684981684994,-1.9526230468750327e-07
0.13901098901098918,-2.440903808593759e-07
0.1382051282051282,-2.440903808593759e-07
0.13739926739926744,-9.76061523437508e-08
0.13659340659340669,-1.4643422851562348e-07
0.13578754578754593,-2.440903808593759e-07
0.13498168498168517,-1.4643422851562348e-07
0.1341758241758242,-1.9526230468750327e-07
0.13336996336996343,-1.4643422851562348e-07
0.13256410256410267,-1.9526230468750327e-07
0.1317582417582419,-2.440903808593759e-07
0.13095238095238093,-1.4643422851562348e-07
0.13014652014652017,-1.9526230468750327e-07
0.12934065934065941,-1.4643422851562348e-07
0.12853479853479866,-4.8778076171878125e-08
0.1277289377289379,-2.440903808593759e-07
0.12692307692307692,-1.9526230468750327e-07
0.12611721611721616,-1.9526230468750327e-07
0.1253113553113554,-1.4643422851562348e-07
0.12450549450549464,-1.9526230468750327e-07
0.12369963369963388,-2.929184570312486e-07
0.1228937728937729,-2.440903808593759e-07
0.12208791208791214,-1.4643422851562348e-07
0.12128205128205138,-1.4643422851562348e-07
0.12047619047619063,-2.440903808593759e-07
0.11967032967032987,-2.929184570312486e-07
0.11886446886446889,-2.440903808593759e-07
0.11805860805860813,-9.76061523437508e-08
0.11725274725274737,-1.4643422851562348e-07
0.11644688644688661,-1.9526230468750327e-07
0.11564102564102563,-2.929184570312486e-07
0.11483516483516487,-2.440903808593759e-07
0.11402930402930411,-1.4643422851562348e-07
0.11322344322344335,-1.9526230468750327e-07
0.1124175824175826,-2.440903808593759e-07
0.11161172161172161,-2.440903808593759e-07
0.11080586080586086,-1.9526230468750327e-07
0.1100000000000001,-1.9526230468750327e-07
0.10919413919413934,-1.4643422851562348e-07
0.10838827838827858,-2.440903808593759e-07
0.1075824175824176,-2.440903808593759e-07
0.10677655677655684,-1.9526230468750327e-07
0.10597069597069608,-2.440903808593759e-07
0.10516483516483532,-1.4643422851562348e-07
0.10435897435897434,-2.440903808593759e-07
0.10355311355311358,-2.440903808593759e-07
0.10274725274725283,-1.9526230468750327e-07
0.10194139194139207,-1.4643422851562348e-07
0.10113553113553131,-1.9526230468750327e-07
0.10032967032967033,-3.905746093750011e-07
0.09952380952380957,-2.440903808593759e-07
0.09871794871794881,-1.9526230468750327e-07
0.09791208791208805,-1.4643422851562348e-07
0.0971062271062273,-2.440903808593759e-07
0.09630036630036631,-2.440903808593759e-07
0.09549450549450555,-2.440903808593759e-07
0.0946886446886448,-1.4643422851562348e-07
0.09388278388278404,-1.4643422851562348e-07
0.09307692307692306,-2.440903808593759e-07
0.0922710622710623,-2.929184570312486e-07
0.09146520146520154,-1.9526230468750327e-07
0.09065934065934078,-1.4643422851562348e-07
0.08985347985348002,-1.4643422851562348e-07
0.08904761904761904,-2.440903808593759e-07
0.08824175824175828,-2.929184570312486e-07
0.08743589743589752,-2.440903808593759e-07
0.08663003663003677,-1.4643422851562348e-07
0.08582417582417601,-1.4643422851562348e-07
0.08501831501831503,-1.4643422851562348e-07
0.08421245421245427,-2.440903808593759e-07
0.08340659340659351,-2.440903808593759e-07
0.08260073260073275,-1.4643422851562348e-07
0.08179487179487199,-1.4643422851562348e-07
0.08098901098901101,-2.440903808593759e-07
0.08018315018315025,-2.440903808593759e-07
0.0793772893772895,-2.440903808593759e-07
0.07857142857142874,-1.9526230468750327e-07
0.07776556776556776,-1.4643422851562348e-07
0.076959706959707,-2.440903808593759e-07
0.07615384615384624,-2.929184570312486e-07
0.07534798534798548,-1.9526230468750327e-07
0.07454212454212472,-1.4643422851562348e-07
0.07373626373626374,-1.9526230468750327e-07
0.07293040293040298,-2.929184570312486e-07
0.07212454212454222,-2.440903808593759e-07
0.07131868131868146,-1.9526230468750327e-07
0.0705128205128207,-9.76061523437508e-08
0.06970695970695973,-1.9526230468750327e-07
0.06890109890109897,-2.440903808593759e-07
0.06809523809523821,-2.440903808593759e-07
0.06728937728937745,-1.4643422851562348e-07
0.06648351648351647,-1.4643422851562348e-07
0.06567765567765571,-1.9526230468750327e-07
0.06487179487179495,-2.929184570312486e-07
0.0640659340659342,-2.440903808593759e-07
0.06326007326007344,-1.4643422851562348e-07
0.062454212454212454,-1.4643422851562348e-07
0.061648351648351696,-1.9526230468750327e-07
0.06084249084249094,-2.440903808593759e-07
0.06003663003663018,-1.9526230468750327e-07
0.05923076923076942,-9.76061523437508e-08
0.05842490842490844,-1.4643422851562348e-07
0.05761904761904768,-2.440903808593759e-07
0.05681318681318692,-1.4643422851562348e-07
0.056007326007326164,-1.9526230468750327e-07
0.05520146520146518,-1.4643422851562348e-07
0.054395604395604424,-1.4643422851562348e-07
0.053589743589743666,-2.440903808593759e-07
0.05278388278388291,-2.440903808593759e-07
0.05197802197802215,-1.9526230468750327e-07
0.05117216117216117,-2.440903808593759e-07
0.05036630036630041,-1.9526230468750327e-07
0.04956043956043965,-2.440903808593759e-07
0.04875457875457889,-2.929184570312486e-07
0.047948717948718134,-1.9526230468750327e-07
0.04714285714285715,-1.4643422851562348e-07
0.046336996336996394,-1.9526230468750327e-07
0.045531135531135636,-2.440903808593759e-07
0.04472527472527488,-2.440903808593759e-07
0.0439194139194139,-1.9526230468750327e-07
0.04311355311355314,-1.4643422851562348e-07
0.04230769230769238,-1.9526230468750327e-07
0.04150183150183162,-1.4643422851562348e-07
0.04069597069597086,-2.440903808593759e-07
0.03989010989010988,-1.4643422851562348e-07
0.03908424908424912,-1.4643422851562348e-07
0.038278388278388364,-2.440903808593759e-07
0.037472527472527606,-2.440903808593759e-07
0.03666666666666685,-2.440903808593759e-07
0.03586080586080587,-1.4643422851562348e-07
0.03505494505494511,-1.9526230468750327e-07
0.03424908424908435,-2.440903808593759e-07
0.03344322344322359,-2.440903808593759e-07
0.03263736263736283,-1.9526230468750327e-07
0.03183150183150185,-1.4643422851562348e-07
0.031025641025641093,-9.76061523437508e-08
0.030219780219780334,-2.440903808593759e-07
0.029413919413919576,-2.440903808593759e-07
0.028608058608058595,-1.9526230468750327e-07
0.027802197802197837,-1.4643422851562348e-07
0.026996336996337078,-1.9526230468750327e-07
0.02619047619047632,-2.440903808593759e-07
0.02538461538461556,-2.929184570312486e-07
0.02457875457875458,-1.9526230468750327e-07
0.02377289377289382,-1.4643422851562348e-07
0.022967032967033063,-1.9526230468750327e-07
0.022161172161172304,-2.929184570312486e-07
0.021355311355311546,-2.440903808593759e-07
0.020549450549450565,-1.9526230468750327e-07
0.019743589743589807,-4.8778076171878125e-08
0.018937728937729048,-2.440903808593759e-07
0.01813186813186829,-2.440903808593759e-07
0.01732600732600731,-2.440903808593759e-07
0.01652014652014655,-1.4643422851562348e-07
0.01571428571428579,-1.4643422851562348e-07
0.014908424908425033,-2.440903808593759e-07
0.014102564102564275,-2.929184570312486e-07
0.013296703296703294,-2.440903808593759e-07
0.012490842490842535,-1.9526230468750327e-07
0.011684981684981777,-1.4643422851562348e-07
0.010879120879121018,-1.9526230468750327e-07
0.01007326007326026,-2.929184570312486e-07
0.009267399267399279,-2.440903808593759e-07
0.00846153846153852,-9.76061523437508e-08
0.007655677655677762,-1.4643422851562348e-07
0.006849816849817003,-1.9526230468750327e-07
0.0060439560439560225,-1.4643422851562348e-07
0.005238095238095264,-1.9526230468750327e-07
0.004432234432234505,-1.4643422851562348e-07
0.0036263736263737467,-1.4643422851562348e-07
