# Params: min_volt -0.1 max_volt 0.2 start_volt 0.0 scan_rate 0.05 direction down num_cycles 2
Stimulation voltage (V),Measured current(A)
0.002820512820512988,-4.9951071923828137e-05
0.0020146520146520075,-4.9951071923828137e-05
0.001208791208791249,-4.9951071923828137e-05
0.0004029304029304903,-4.9951071923828137e-05
-0.00040293040293026827,-4.9951071923828137e-05
-0.0012087912087910269,-4.9951071923828137e-05
-0.0020146520146520075,-4.9951071923828137e-05
-0.002820512820512766,-4.9951071923828137e-05
-0.0036263736263735247,-4.9951071923828137e-05
-0.004432234432234283,-4.9951071923828137e-05
-0.005238095238095042,-4.9951071923828137e-05
-0.0060439560439560225,-4.9951071923828137e-05
-0.006849816849816781,-4.9951071923828137e-05
-0.00765567765567754,-4.9951071923828137e-05
-0.008461538461538298,-4.9951071923828137e-05
-0.009267399267399279,-4.9951071923828137e-05
-0.010073260073260037,-4.9951071923828137e-05
-0.010879120879120796,-4.9951071923828137e-05
-0.011684981684981555,-4.9951071923828137e-05
-0.012490842490842313,-4.9951071923828137e-05
-0.013296703296703294,-4.9951071923828137e-05
-0.014102564102564052,-4.9951071923828137e-05
-0.014908424908424811,-4.9951071923828137e-05
-0.01571428571428557,-4.9951071923828137e-05
-0.016520146520146328,-4.9951071923828137e-05
-0.01732600732600731,-4.9951071923828137e-05
-0.018131868131868067,-4.9951071923828137e-05
-0.018937728937728826,-4.9951071923828137e-05
-0.019743589743589585,-4.9951071923828137e-05
-0.020549450549450565,-4.9951071923828137e-05
-0.021355311355311324,-4.9951071923828137e-05
-0.022161172161172082,-4.9951071923828137e-05
-0.02296703296703284,-4.9951071923828137e-05
-0.0237728937728936,-4.9951071923828137e-05
-0.02457875457875458,-4.9951071923828137e-05
-0.02538461538461534,-4.9951071923828137e-05
-0.026190476190476097,-4.9951071923828137e-05
-0.026996336996336856,-4.9951071923828137e-05
-0.027802197802197615,-4.9951071923828137e-05
-0.028608058608058595,-4.9951071923828137e-05
-0.029413919413919354,-4.9951071923828137e-05
-0.030219780219780112,-4.9951071923828137e-05
-0.03102564102564087,-4.9951071923828137e-05
-0.03183150183150185,-4.9951071923828137e-05
-0.03263736263736261,-4.9951071923828137e-05
-0.03344322344322337,-4.9951071923828137e-05
-0.03424908424908413,-4.9951071923828137e-05
-0.035054945054944886,-4.9951071923828137e-05
-0.03586080586080587,-4.9951071923828137e-05
-0.036666666666666625,-4.9951071923828137e-05
-0.037472527472527384,-4.9951071923828137e-05
-0.03827838827838814,-4.9951071923828137e-05
-0.0390842490842489,-4.9951071923828137e-05
-0.03989010989010988,-4.9951071923828137e-05
-0.04069597069597064,-4.9951071923828137e-05
-0.0415018315018314,-4.9951071923828137e-05
-0.04230769230769216,-4.9951071923828137e-05
-0.043113553113552916,-4.9951071923828137e-05
-0.0439194139194139,-4.9951071923828137e-05
-0.044725274725274655,-4.9951071923828137e-05
-0.045531135531135414,-4.9951071923828137e-05
-0.04633699633699617,-4.9951071923828137e-05
-0.04714285714285715,-4.9951071923828137e-05
-0.04794871794871791,-4.9951071923828137e-05
-0.04875457875457867,-4.9951071923828137e-05
-0.04956043956043943,-4.9951071923828137e-05
-0.05036630036630019,-4.9951071923828137e-05
-0.05117216117216117,-4.9951071923828137e-05
-0.05197802197802193,-4.9951071923828137e-05
-0.052783882783882685,-4.9951071923828137e-05
-0.053589743589743444,-4.9951071923828137e-05
-0.0543956043956042,-4.9951071923828137e-05
-0.05520146520146518,-4.9951071923828137e-05
-0.05600732600732594,-4.9951071923828137e-05
-0.0568131868131867,-4.9951071923828137e-05
-0.05761904761904746,-4.9951071923828137e-05
-0.05842490842490844,-4.9951071923828137e-05
-0.0592307692307692,-4.9951071923828137e-05
-0.06003663003662996,-4.9951071923828137e-05
-0.060842490842490715,-4.9951071923828137e-05
-0.061648351648351474,-4.9951071923828137e-05
-0.062454212454212454,-4.9951071923828137e-05
-0.06326007326007321,-4.9951071923828137e-05
-0.06406593406593397,-4.9951071923828137e-05
-0.06487179487179473,-4.9951071923828137e-05
-0.06567765567765549,-4.9951071923828137e-05
-0.06648351648351647,-4.9951071923828137e-05
-0.06728937728937723,-4.9951071923828137e-05
-0.06809523809523799,-4.9951071923828137e-05
-0.06890109890109875,-4.9951071923828137e-05
-0.06970695970695973,-4.9951071923828137e-05
-0.07051282051282048,-4.9951071923828137e-05
-0.07131868131868124,-4.9951071923828137e-05
-0.072124542124542,-4.9951071923828137e-05
-0.07293040293040276,-4.9951071923828137e-05
-0.07373626373626374,-4.9951071923828137e-05
-0.0745421245421245,-4.9951071923828137e-05
-0.07534798534798526,-4.9951071923828137e-05
-0.07615384615384602,-4.9951071923828137e-05
-0.07695970695970678,-4.9951071923828137e-05
-0.07776556776556776,-4.9951071923828137e-05
-0.07857142857142851,-4.9951071923828137e-05
-0.07937728937728927,-4.9951071923828137e-05
-0.08018315018315003,-4.9951071923828137e-05
-0.08098901098901101,-4.9951071923828137e-05
-0.08179487179487177,-4.9951071923828137e-05
-0.08260073260073253,-4.9951071923828137e-05
-0.08340659340659329,-4.9951071923828137e-05
-0.08421245421245405,-4.9951071923828137e-05
-0.08501831501831503,-4.9951071923828137e-05
-0.08582417582417579,-4.9951071923828137e-05
-0.08663003663003654,-4.9951071923828137e-05
-0.0874358974358973,-4.9951071923828137e-05
-0.08824175824175806,-4.9951071923828137e-05
-0.08904761904761904,-4.9951071923828137e-05
-0.0898534798534798,-4.9951071923828137e-05
-0.09065934065934056,-4.9951071923828137e-05
-0.09146520146520132,-4.9951071923828137e-05
-0.09227106227106208,-4.9951071923828137e-05
-0.09307692307692306,-4.9951071923828137e-05
-0.09388278388278382,-4.9951071923828137e-05
-0.09468864468864457,-4.9951071923828137e-05
-0.09549450549450533,-4.9951071923828137e-05
-0.09630036630036631,-4.9951071923828137e-05
-0.09710622710622707,-4.9951071923828137e-05
-0.09791208791208783,-4.9951071923828137e-05
-0.09871794871794859,-4.9951071923828137e-05
-0.09952380952380935,-4.9951071923828137e-05
-0.10032967032967033,-4.9951071923828137e-05
-0.09952380952380935,-4.9951071923828137e-05
-0.09871794871794859,-4.9951071923828137e-05
-0.09791208791208783,-4.9951071923828137e-05
-0.09710622710622707,-4.9951071923828137e-05
-0.09630036630036631,-4.9951071923828137e-05
-0.09549450549450533,-4.9951071923828137e-05
-0.09468864468864457,-4.9951071923828137e-05
-0.09388278388278382,-4.9951071923828137e-05
-0.09307692307692306,-4.9951071923828137e-05
-0.09227106227106208,-4.9951071923828137e-05
-0.09146520146520132,-4.9951071923828137e-05
-0.09065934065934056,-4.9951071923828137e-05
-0.0898534798534798,-4.9951071923828137e-05
-0.08904761904761904,-4.9951071923828137e-05
-0.08824175824175806,-4.9951071923828137e-05
-0.0874358974358973,-4.9951071923828137e-05
-0.08663003663003654,-4.9951071923828137e-05
-0.08582417582417579,-4.9951071923828137e-05
-0.08501831501831503,-4.9951071923828137e-05
-0.08421245421245405,-4.9951071923828137e-05
-0.08340659340659329,-4.9951071923828137e-05
-0.08260073260073253,-4.9951071923828137e-05
-0.08179487179487177,-4.9951071923828137e-05
-0.08098901098901101,-4.9951071923828137e-05
-0.08018315018315003,-4.9951071923828137e-05
-0.07937728937728927,-4.9951071923828137e-05
-0.07857142857142851,-4.9951071923828137e-05
-0.07776556776556776,-4.9951071923828137e-05
-0.07695970695970678,-4.9951071923828137e-05
-0.07615384615384602,-4.9951071923828137e-05
-0.07534798534798526,-4.9951071923828137e-05
-0.0745421245421245,-4.9951071923828137e-05
-0.07373626373626374,-4.9951071923828137e-05
-0.07293040293040276,-4.9951071923828137e-05
-0.072124542124542,-4.9951071923828137e-05
-0.07131868131868124,-4.9951071923828137e-05
-0.07051282051282048,-4.9951071923828137e-05
-0.06970695970695973,-4.9951071923828137e-05
-0.06890109890109875,-4.9951071923828137e-05
-0.06809523809523799,-4.9951071923828137e-05
-0.06728937728937723,-4.9951071923828137e-05
-0.06648351648351647,-4.9951071923828137e-05
-0.06567765567765549,-4.9951071923828137e-05
-0.06487179487179473,-4.9951071923828137e-05
-0.06406593406593397,-4.9951071923828137e-05
-0.06326007326007321,-4.9951071923828137e-05
-0.062454212454212454,-4.9951071923828137e-05
-0.061648351648351474,-4.9951071923828137e-05
-0.060842490842490715,-4.9951071923828137e-05
-0.06003663003662996,-4.9951071923828137e-05
-0.0592307692307692,-4.9951071923828137e-05
-0.05842490842490844,-4.9951071923828137e-05
-0.05761904761904746,-4.9951071923828137e-05
-0.0568131868131867,-4.9951071923828137e-05
-0.05600732600732594,-4.9951071923828137e-05
-0.05520146520146518,-4.9951071923828137e-05
-0.0543956043956042,-4.9951071923828137e-05
-0.053589743589743444,-4.9951071923828137e-05
-0.052783882783882685,-4.9951071923828137e-05
-0.05197802197802193,-4.9951071923828137e-05
-0.05117216117216117,-4.9951071923828137e-05
-0.05036630036630019,-4.9951071923828137e-05
-0.04956043956043943,-4.9951071923828137e-05
-0.04875457875457867,-4.9951071923828137e-05
-0.04794871794871791,-4.9951071923828137e-05
-0.04714285714285715,-4.9951071923828137e-05
-0.04633699633699617,-4.9951071923828137e-05
-0.045531135531135414,-4.9951071923828137e-05
-0.044725274725274655,-4.9951071923828137e-05
-0.0439194139194139,-4.9951071923828137e-05
-0.043113553113552916,-4.9951071923828137e-05
-0.04230769230769216,-4.9951071923828137e-05
-0.0415018315018314,-4.9951071923828137e-05
-0.04069597069597064,-4.9951071923828137e-05
-0.03989010989010988,-4.9951071923828137e-05
-0.0390842490842489,-4.9951071923828137e-05
-0.03827838827838814,-4.9951071923828137e-05
-0.037472527472527384,-4.9951071923828137e-05
-0.036666666666666625,-4.9951071923828137e-05
-0.03586080586080587,-4.9951071923828137e-05
-0.035054945054944886,-4.9951071923828137e-05
-0.03424908424908413,-4.9951071923828137e-05
-0.03344322344322337,-4.9951071923828137e-05
-0.03263736263736261,-4.9951071923828137e-05
-0.03183150183150185,-4.9951071923828137e-05
-0.03102564102564087,-4.9951071923828137e-05
-0.030219780219780112,-4.9951071923828137e-05
-0.029413919413919354,-4.9951071923828137e-05
-0.028608058608058595,-4.9951071923828137e-05
-0.027802197802197615,-4.9951071923828137e-05
-0.026996336996336856,-4.9951071923828137e-05
-0.026190476190476097,-4.9951071923828137e-05
-0.02538461538461534,-4.9951071923828137e-05
-0.02457875457875458,-4.9951071923828137e-05
-0.0237728937728936,-4.9951071923828137e-05
-0.02296703296703284,-4.9951071923828137e-05
-0.022161172161172082,-4.9951071923828137e-05
-0.021355311355311324,-4.9951071923828137e-05
-0.020549450549450565,-4.9951071923828137e-05
-0.019743589743589585,-4.9951071923828137e-05
-0.018937728937728826,-4.9951071923828137e-05
-0.018131868131868067,-4.9951071923828137e-05
-0.01732600732600731,-4.9951071923828137e-05
-0.016520146520146328,-4.9951071923828137e-05
-0.01571428571428557,-4.9951071923828137e-05
-0.014908424908424811,-4.9951071923828137e-05
-0.014102564102564052,-4.9951071923828137e-05
-0.013296703296703294,-4.9951071923828137e-05
-0.012490842490842313,-4.9951071923828137e-05
-0.011684981684981555,-4.9951071923828137e-05
-0.010879120879120796,-4.9951071923828137e-05
-0.010073260073260037,-4.9951071923828137e-05
-0.009267399267399279,-4.9951071923828137e-05
-0.008461538461538298,-4.9951071923828137e-05
-0.00765567765567754,-4.9951071923828137e-05
-0.006849816849816781,-4.9951071923828137e-05
-0.0060439560439560225,-4.9951071923828137e-05
-0.005238095238095042,-4.9951071923828137e-05
-0.004432234432234283,-4.9951071923828137e-05
-0.0036263736263735247,-4.9951071923828137e-05
-0.002820512820512766,-4.9951071923828137e-05
-0.0020146520146520075,-4.9951071923828137e-05
-0.0012087912087910269,-4.9951071923828137e-05
-0.00040293040293026827,-4.9951071923828137e-05
0.0004029304029304903,-4.9951071923828137e-05
0.001208791208791249,-4.9951071923828137e-05
0.0020146520146520075,-4.9951071923828137e-05
0.002820512820512988,-4.9951071923828137e-05
0.0036263736263737467,-4.9951071923828137e-05
0.004432234432234505,-4.9951071923828137e-05
0.005238095238095264,-4.9951071923828137e-05
0.0060439560439560225,-4.9951071923828137e-05
0.006849816849817003,-4.9951071923828137e-05
0.007655677655677762,-4.9951071923828137e-05
0.00846153846153852,-4.9951071923828137e-05
0.009267399267399279,-4.9951071923828137e-05
0.01007326007326026,-4.9951071923828137e-05
0.010879120879121018,-4.9951071923828137e-05
0.011684981684981777,-4.9951071923828137e-05
0.012490842490842535,-4.9951071923828137e-05
0.013296703296703294,-4.9951071923828137e-05
0.014102564102564275,-4.9951071923828137e-05
0.014908424908425033,-4.9951071923828137e-05
0.01571428571428579,-4.9951071923828137e-05
0.01652014652014655,-4.9951071923828137e-05
0.01732600732600731,-4.9951071923828137e-05
0.01813186813186829,-4.9951071923828137e-05
0.018937728937729048,-4.9951071923828137e-05
0.019743589743589807,-4.9951071923828137e-05
0.020549450549450565,-4.9951071923828137e-05
0.021355311355311546,-4.9951071923828137e-05
0.022161172161172304,-4.9951071923828137e-05
0.022967032967033063,-1.2109312890625005e-05
0.02377289377289382,-0.003140963605908203
0.02457875457875458,-0.0031408171216796878
0.02538461538461556,-0.0031407682936035156
0.02619047619047632,-0.0031407682936035156
0.026996336996337078,-0.0031407682936035156
0.027802197802197837,-0.0031407682936035156
0.028608058608058595,-0.0031407682936035156
0.029413919413919576,-0.0031407682936035156
0.030219780219780334,-0.0031407682936035156
0.031025641025641093,-0.0031407682936035156
0.03183150183150185,-0.0031407682936035156
0.03263736263736283,-0.0031407682936035156
0.03344322344322359,-0.0031407682936035156
0.03424908424908435,-0.0031407682936035156
0.03505494505494511,-0.0031407682936035156
0.03586080586080587,-0.0031407682936035156
0.03666666666666685,-0.0031407682936035156
0.037472527472527606,-0.0031407682936035156
0.038278388278388364,-0.0031407682936035156
0.03908424908424912,-0.0031407682936035156
0.03989010989010988,-0.0031407682936035156
0.04069597069597086,-0.0031407682936035156
0.04150183150183162,-0.0031407682936035156
0.04230769230769238,-0.0031407682936035156
0.04311355311355314,-0.0031407682936035156
0.0439194139194139,-0.0031407682936035156
0.04472527472527488,-0.0031407682936035156
0.045531135531135636,-0.0031407682936035156
0.046336996336996394,-0.0031407682936035156
0.04714285714285715,-0.0031407682936035156
0.047948717948718134,-0.0031407682936035156
0.04875457875457889,-0.0031407682936035156
0.04956043956043965,-0.0031407682936035156
0.05036630036630041,-0.0031407682936035156
0.05117216117216117,-0.0031407682936035156
0.05197802197802215,-0.0031407682936035156
0.05278388278388291,-0.0031407682936035156
0.053589743589743666,-0.0031407682936035156
0.054395604395604424,-0.0031407682936035156
0.05520146520146518,-0.0031407682936035156
0.056007326007326164,-0.0031407682936035156
0.05681318681318692,-0.0031407682936035156
0.05761904761904768,-0.0031407682936035156
0.05842490842490844,-0.0031407682936035156
0.05923076923076942,-0.0031407682936035156
0.06003663003663018,-0.0031407682936035156
0.06084249084249094,-0.0031407682936035156
0.061648351648351696,-0.0031407682936035156
0.062454212454212454,-0.0031407682936035156
0.06326007326007344,-0.0031407682936035156
0.0640659340659342,-0.0031407682936035156
0.06487179487179495,-0.0031407682936035156
0.06567765567765571,-0.0031407682936035156
0.06648351648351647,-0.0031407682936035156
0.06728937728937745,-0.0031407682936035156
0.06809523809523821,-0.0031407682936035156
0.06890109890109897,-0.0031407682936035156
0.06970695970695973,-0.0031407682936035156
0.0705128205128207,-0.0031407682936035156
0.07131868131868146,-0.0031407682936035156
0.07212454212454222,-0.0031407682936035156
0.07293040293040298,-0.0031407682936035156
0.07373626373626374,-0.0031407682936035156
0.07454212454212472,-0.0031407682936035156
0.07534798534798548,-0.0031407682936035156
0.07615384615384624,-0.0031407682936035156
0.076959706959707,-0.0031407682936035156
0.07776556776556776,-0.0031407682936035156
0.07857142857142874,-0.0031407682936035156
0.0793772893772895,-0.0031407682936035156
0.08018315018315025,-0.0031407682936035156
0.08098901098901101,-0.0031407682936035156
0.08179487179487199,-0.0031407682936035156
0.08260073260073275,-0.0031407682936035156
0.08340659340659351,-0.0031407682936035156
0.08421245421245427,-0.0031407682936035156
0.08501831501831503,-0.0031407682936035156
0.08582417582417601,-0.0031407682936035156
0.08663003663003677,-0.0031407682936035156
0.08743589743589752,-0.0031407682936035156
0.08824175824175828,-0.0031407682936035156
0.08904761904761904,-0.0031407682936035156
0.08985347985348002,-0.0031407682936035156
0.09065934065934078,-0.0031407682936035156
0.09146520146520154,-0.0031407682936035156
0.0922710622710623,-0.0031407682936035156
0.09307692307692306,-0.0031407682936035156
0.09388278388278404,-0.0031407682936035156
0.0946886446886448,-0.0031407682936035156
0.09549450549450555,-0.0031407682936035156
0.09630036630036631,-0.0031407682936035156
0.0971062271062273,-0.0031407682936035156
0.09791208791208805,-0.0031407682936035156
0.09871794871794881,-0.0031407682936035156
0.09952380952380957,-0.0031407682936035156
0.10032967032967033,-0.0031407682936035156
0.10113553113553131,-0.0031407682936035156
0.10194139194139207,-0.0031407682936035156
0.10274725274725283,-0.0031407682936035156
0.10355311355311358,-0.0031407682936035156
0.10435897435897434,-0.0031407682936035156
0.10516483516483532,-0.0031407682936035156
0.10597069597069608,-0.0031407682936035156
0.10677655677655684,-0.0031407682936035156
0.1075824175824176,-0.0031407682936035156
0.10838827838827858,-0.0031407682936035156
0.10919413919413934,-0.0031407682936035156
0.1100000000000001,-0.0031407682936035156
0.11080586080586086,-0.0031407682936035156
0.11161172161172161,-0.0031407682936035156
0.1124175824175826,-0.0031407682936035156
0.11322344322344335,-0.0031407682936035156
0.11402930402930411,-0.0031407682936035156
0.11483516483516487,-0.0031407682936035156
0.11564102564102563,-0.0031407682936035156
0.11644688644688661,-0.0031407682936035156
0.11725274725274737,-0.0031407682936035156
0.11805860805860813,-0.0031407682936035156
0.11886446886446889,-0.0031407682936035156
0.11967032967032987,-0.0031407682936035156
0.12047619047619063,-0.0031407682936035156
0.12128205128205138,-0.0031407682936035156
0.12208791208791214,-0.0031407682936035156
0.1228937728937729,-0.0031407682936035156
0.12369963369963388,-0.0031407682936035156
0.12450549450549464,-0.0031407682936035156
0.1253113553113554,-0.0031407682936035156
0.12611721611721616,-0.0031407682936035156
0.12692307692307692,-0.0031407682936035156
0.1277289377289379,-0.0031407682936035156
0.12853479853479866,-0.0031407682936035156
0.12934065934065941,-0.0031407682936035156
0.13014652014652017,-0.0031407682936035156
0.13095238095238093,-0.0031407682936035156
0.1317582417582419,-0.0031407682936035156
0.13256410256410267,-0.0031407682936035156
0.13336996336996343,-0.0031407682936035156
0.1341758241758242,-0.0031407682936035156
0.13498168498168517,-0.0031407682936035156
0.13578754578754593,-0.0031407682936035156
0.13659340659340669,-0.0031407682936035156
0.13739926739926744,-0.0031407682936035156
0.1382051282051282,-0.0031407682936035156
0.13901098901098918,-0.0031407682936035156
0.13981684981684994,-0.0031407682936035156
0.1406227106227107,-0.0031407682936035156
0.14142857142857146,-0.0031407682936035156
0.14223443223443222,-0.0031407682936035156
0.1430402930402932,-0.0031407682936035156
0.14384615384615396,-0.0031407682936035156
0.14465201465201472,-0.0031407682936035156
0.14545787545787547,-0.0031407682936035156
0.14626373626373645,-0.0031407682936035156
0.1470695970695972,-0.0031407682936035156
0.14787545787545797,-0.0031407682936035156
0.14868131868131873,-0.0031407682936035156
0.1494871794871795,-0.0031407682936035156
0.15029304029304047,-0.0031407682936035156
0.15109890109890123,-0.0031407682936035156
0.151904761904762,-0.0031407682936035156
0.15271062271062275,-0.0031407682936035156
0.1535164835164835,-0.0031407682936035156
0.15432234432234448,-0.0031407682936035156
0.15512820512820524,-0.0031407682936035156
0.155934065934066,-0.0031407682936035156
0.15673992673992676,-0.0031407682936035156
0.15754578754578774,-0.0031407682936035156
0.1583516483516485,-0.0031407682936035156
0.15915750915750926,-0.0031407682936035156
0.15996336996337002,-0.0031407682936035156
0.16076923076923078,-0.0031407682936035156
0.16157509157509176,-0.0031407682936035156
0.16238095238095251,-0.0031407682936035156
0.16318681318681327,-0.0031407682936035156
0.16399267399267403,-0.0031407682936035156
0.1647985347985348,-0.0031407682936035156
0.16560439560439577,-0.0031407682936035156
0.16641025641025653,-0.0031407682936035156
0.1672161172161173,-0.0031407682936035156
0.16802197802197805,-0.0031407682936035156
0.1688278388278388,-0.0031407682936035156
0.16963369963369979,-0.0031407682936035156
0.17043956043956054,-0.0031407682936035156
0.1712454212454213,-0.0031407682936035156
0.17205128205128206,-0.0031407682936035156
0.17285714285714304,-0.0031407682936035156
0.1736630036630038,-0.0031407682936035156
0.17446886446886456,-0.0031407682936035156
0.17527472527472532,-0.0031407682936035156
0.17608058608058608,-0.0031407682936035156
0.17688644688644706,-0.0031407682936035156
0.17769230769230782,-0.0031407682936035156
0.17849816849816857,-0.0031407682936035156
0.17930402930402933,-0.0031407682936035156
0.1801098901098901,-0.0031407682936035156
0.18091575091575107,-0.0031407682936035156
0.18172161172161183,-0.0031407682936035156
0.1825274725274726,-0.0031407682936035156
0.18333333333333335,-0.0031407682936035156
0.18413919413919433,-0.0031407682936035156
0.1849450549450551,-0.0031407682936035156
0.18575091575091585,-0.0031407682936035156
0.1865567765567766,-0.0031407682936035156
0.18736263736263736,-0.0031407682936035156
0.18816849816849834,-0.0031407682936035156
0.1889743589743591,-0.0031407682936035156
0.18978021978021986,-0.0031407682936035156
0.19058608058608062,-0.0031407682936035156
0.19139194139194138,-0.0031407682936035156
0.19219780219780236,-0.0031407682936035156
0.19300366300366312,-0.0031407682936035156
0.19380952380952388,-0.0031407682936035156
0.19461538461538463,-0.0031407682936035156
0.19542124542124562,-0.0031407682936035156
0.19622710622710637,-0.0031407682936035156
0.19703296703296713,-0.0031407682936035156
0.1978388278388279,-0.0031407682936035156
0.19864468864468865,-0.0031407682936035156
0.19945054945054963,-0.0031407682936035156
0.2002564102564104,-0.0031407682936035156
0.19945054945054963,-0.0031407682936035156
0.19864468864468865,-0.0031407682936035156
0.1978388278388279,-0.0031407682936035156
0.19703296703296713,-0.0031407682936035156
0.19622710622710637,-0.0031407682936035156
0.19542124542124562,-0.0031407682936035156
0.19461538461538463,-0.0031407682936035156
0.19380952380952388,-0.0031407682936035156
0.19300366300366312,-0.0031407682936035156
0.19219780219780236,-0.0031407682936035156
0.19139194139194138,-0.0031407682936035156
0.19058608058608062,-0.0031407682936035156
0.18978021978021986,-0.0031407682936035156
0.1889743589743591,-0.0031407682936035156
0.18816849816849834,-0.0031407682936035156
0.18736263736263736,-0.0031407682936035156
0.1865567765567766,-0.0031407682936035156
0.18575091575091585,-0.0031407682936035156
0.1849450549450551,-0.0031407682936035156
0.18413919413919433,-0.0031407682936035156
0.18333333333333335,-0.0031407682936035156
0.1825274725274726,-0.0031407682936035156
0.18172161172161183,-0.0031407682936035156
0.18091575091575107,-0.0031407682936035156
0.1801098901098901,-0.0031407682936035156
0.17930402930402933,-0.0031407682936035156
0.17849816849816857,-0.0031407682936035156
0.17769230769230782,-0.0031407682936035156
0.17688644688644706,-0.0031407682936035156
0.17608058608058608,-0.0031407682936035156
0.17527472527472532,-0.0031407682936035156
0.17446886446886456,-0.0031407682936035156
0.1736630036630038,-0.0031407682936035156
0.17285714285714304,-0.0031407682936035156
0.17205128205128206,-0.0031407682936035156
0.1712454212454213,-0.0031407682936035156
0.17043956043956054,-0.0031407682936035156
0.16963369963369979,-0.0031407682936035156
0.1688278388278388,-0.0031407682936035156
0.16802197802197805,-0.0031407682936035156
0.1672161172161173,-0.0031407682936035156
0.16641025641025653,-0.0031407682936035156
0.16560439560439577,-0.0031407682936035156
0.1647985347985348,-0.0031407682936035156
0.16399267399267403,-0.0031407682936035156
0.16318681318681327,-0.0031407682936035156
0.16238095238095251,-0.0031407682936035156
0.16157509157509176,-0.0031407682936035156
0.16076923076923078,-0.0031407682936035156
0.15996336996337002,-0.0031407682936035156
0.15915750915750926,-0.0031407682936035156
0.1583516483516485,-0.0031407682936035156
0.15754578754578774,-0.0031407682936035156
0.15673992673992676,-0.0031407682936035156
0.155934065934066,-0.0031407682936035156
0.15512820512820524,-0.0031407682936035156
0.15432234432234448,-0.0031407682936035156
0.1535164835164835,-0.0031407682936035156
0.15271062271062275,-0.0031407682936035156
0.151904761904762,-0.0031407682936035156
0.15109890109890123,-0.0031407682936035156
0.15029304029304047,-0.0031407682936035156
0.1494871794871795,-0.0031407682936035156
0.14868131868131873,-0.0031407682936035156
0.14787545787545797,-0.0031407682936035156
0.1470695970695972,-0.0031407682936035156
0.14626373626373645,-0.0031407682936035156
0.14545787545787547,-0.0031407682936035156
0.14465201465201472,-0.0031407682936035156
0.14384615384615396,-0.0031407682936035156
0.1430402930402932,-0.0031407682936035156
0.14223443223443222,-0.0031407682936035156
0.14142857142857146,-0.0031407682936035156
0.1406227106227107,-0.0031407682936035156
0.13981684981684994,-0.0031407682936035156
0.13901098901098918,-0.0031407682936035156
0.1382051282051282,-0.0031407682936035156
0.13739926739926744,-0.0031407682936035156
0.13659340659340669,-0.0031407682936035156
0.13578754578754593,-0.0031407682936035156
0.13498168498168517,-0.0031407682936035156
0.1341758241758242,-0.0031407682936035156
0.13336996336996343,-0.0031407682936035156
0.13256410256410267,-0.0031407682936035156
0.1317582417582419,-0.0031407682936035156
0.13095238095238093,-0.0031407682936035156
0.13014652014652017,-0.0031407682936035156
0.12934065934065941,-0.0031407682936035156
0.12853479853479866,-0.0031407682936035156
0.1277289377289379,-0.0031407682936035156
0.12692307692307692,-0.0031407682936035156
0.12611721611721616,-0.0031407682936035156
0.1253113553113554,-0.0031407682936035156
0.12450549450549464,-0.0031407682936035156
0.12369963369963388,-0.0031407682936035156
0.1228937728937729,-0.0031407682936035156
0.12208791208791214,-0.0031407682936035156
0.12128205128205138,-0.0031407682936035156
0.12047619047619063,-0.0031407682936035156
0.11967032967032987,-0.0031407682936035156
0.11886446886446889,-0.0031407682936035156
0.11805860805860813,-0.0031407682936035156
0.11725274725274737,-0.0031407682936035156
0.11644688644688661,-0.0031407682936035156
0.11564102564102563,-0.0031407682936035156
0.11483516483516487,-0.0031407682936035156
0.11402930402930411,-0.0031407682936035156
0.11322344322344335,-0.0031407682936035156
0.1124175824175826,-0.0031407682936035156
0.11161172161172161,-0.0031407682936035156
0.11080586080586086,-0.0031407682936035156
0.1100000000000001,-0.0031407682936035156
0.10919413919413934,-0.0031407682936035156
0.10838827838827858,-0.0031407682936035156
0.1075824175824176,-0.0031407682936035156
0.10677655677655684,-0.0031407682936035156
0.10597069597069608,-0.0031407682936035156
0.10516483516483532,-0.0031407682936035156
0.10435897435897434,-0.0031407682936035156
0.10355311355311358,-0.0031407682936035156
0.10274725274725283,-0.0031407682936035156
0.10194139194139207,-0.0031407682936035156
0.10113553113553131,-0.0031407682936035156
0.10032967032967033,-0.0031407682936035156
0.09952380952380957,-0.0031407682936035156
0.09871794871794881,-0.0031407682936035156
0.09791208791208805,-0.0031407682936035156
0.0971062271062273,-0.0031407682936035156
0.09630036630036631,-0.0031407682936035156
0.09549450549450555,-0.0031407682936035156
0.0946886446886448,-0.0031407682936035156
0.09388278388278404,-0.0031407682936035156
0.09307692307692306,-0.0031407682936035156
0.0922710622710623,-0.0031407682936035156
0.09146520146520154,-0.0031407682936035156
0.09065934065934078,-0.0031407682936035156
0.08985347985348002,-0.0031407682936035156
0.08904761904761904,-0.0031407682936035156
0.08824175824175828,-0.0031407682936035156
0.08743589743589752,-0.0031407682936035156
0.08663003663003677,-0.0031407682936035156
0.08582417582417601,-0.0031407682936035156
0.08501831501831503,-0.0031407682936035156
0.08421245421245427,-0.0031407682936035156
0.08340659340659351,-0.0031407682936035156
0.08260073260073275,-0.0031407682936035156
0.08179487179487199,-0.0031407682936035156
0.08098901098901101,-0.0031407682936035156
0.08018315018315025,-0.0031407682936035156
0.0793772893772895,-0.0031407682936035156
0.07857142857142874,-0.0031407682936035156
0.07776556776556776,-0.0031407682936035156
0.076959706959707,-0.0031407682936035156
0.07615384615384624,-0.0031407682936035156
0.07534798534798548,-0.0031407682936035156
0.07454212454212472,-0.0031407682936035156
0.07373626373626374,-0.0031407682936035156
0.07293040293040298,-0.0031407682936035156
0.07212454212454222,-0.0031407682936035156
0.07131868131868146,-0.0031407682936035156
0.0705128205128207,-0.0031407682936035156
0.06970695970695973,-0.0031407682936035156
0.06890109890109897,-0.0031407682936035156
0.06809523809523821,-0.0031407682936035156
0.06728937728937745,-0.0031407682936035156
0.06648351648351647,-0.0031407682936035156
0.06567765567765571,-0.0031407682936035156
0.06487179487179495,-0.0031407682936035156
0.0640659340659342,-0.0031407682936035156
0.06326007326007344,-0.0031407682936035156
0.062454212454212454,-0.0031407682936035156
0.061648351648351696,-0.0031407682936035156
0.06084249084249094,-0.0031407682936035156
0.06003663003663018,-0.0031407682936035156
0.05923076923076942,-0.0031407682936035156
0.05842490842490844,-0.0031407682936035156
0.05761904761904768,-0.0031407682936035156
0.05681318681318692,-0.0031407682936035156
0.056007326007326164,-0.0031407682936035156
0.05520146520146518,-0.0031407682936035156
0.054395604395604424,-0.0031407682936035156
0.053589743589743666,-0.0031407682936035156
0.05278388278388291,-0.0031407682936035156
0.05197802197802215,-0.0031407682936035156
0.05117216117216117,-0.0031407682936035156
0.05036630036630041,-0.0031407682936035156
0.04956043956043965,-0.0031407682936035156
0.04875457875457889,-0.0031407682936035156
0.047948717948718134,-0.0031407682936035156
0.04714285714285715,-0.0031407682936035156
0.046336996336996394,-0.0031407682936035156
0.045531135531135636,-0.0031407682936035156
0.04472527472527488,-0.0031407682936035156
0.0439194139194139,-0.0031407682936035156
0.04311355311355314,-0.0031407682936035156
0.04230769230769238,-0.0031407682936035156
0.04150183150183162,-0.0031407682936035156
0.04069597069597086,-0.0031407682936035156
0.03989010989010988,-0.0031407682936035156
0.03908424908424912,-0.0031407682936035156
0.038278388278388364,-0.0031407682936035156
0.037472527472527606,-0.0031407682936035156
0.03666666666666685,-0.0031407682936035156
0.03586080586080587,-0.0031407682936035156
0.03505494505494511,-0.0031407682936035156
0.03424908424908435,-0.0031407682936035156
0.03344322344322359,-0.0031407682936035156
0.03263736263736283,-0.0031407682936035156
0.03183150183150185,-0.0031407682936035156
0.031025641025641093,-0.0031407682936035156
0.030219780219780334,-0.0031407682936035156
0.029413919413919576,-0.0031407682936035156
0.028608058608058595,-0.0031407682936035156
0.027802197802197837,-0.0031407682936035156
0.026996336996337078,-0.0031407682936035156
0.02619047619047632,-0.0031407682936035156
0.02538461538461556,-0.0031407682936035156
0.02457875457875458,-0.0031407682936035156
0.02377289377289382,-0.0031407682936035156
0.022967032967033063,-0.0031407682936035156
0.022161172161172304,-0.0031407682936035156
0.021355311355311546,-0.0031408171216796878
0.020549450549450565,-0.0031408659497558595
0.019743589743589807,-8.300722949218751e-06
0.018937728937729048,-4.9951071923828137e-05
0.01813186813186829,-4.9951071923828137e-05
0.01732600732600731,-4.9951071923828137e-05
0.01652014652014655,-4.9951071923828137e-05
0.01571428571428579,-4.9951071923828137e-05
0.014908424908425033,-4.9951071923828137e-05
0.014102564102564275,-4.9951071923828137e-05
0.013296703296703294,-4.9951071923828137e-05
0.012490842490842535,-4.9951071923828137e-05
0.011684981684981777,-4.9951071923828137e-05
0.010879120879121018,-4.9951071923828137e-05
0.01007326007326026,-4.9951071923828137e-05
0.009267399267399279,-4.9951071923828137e-05
0.00846153846153852,-4.9951071923828137e-05
0.007655677655677762,-4.9951071923828137e-05
0.006849816849817003,-4.9951071923828137e-05
0.0060439560439560225,-4.9951071923828137e-05
0.005238095238095264,-4.9951071923828137e-05
0.004432234432234505,-4.9951071923828137e-05
0.0036263736263737467,-4.9951071923828137e-05
0.002820512820512988,-4.9951071923828137e-05
0.0020146520146520075,-4.9951071923828137e-05
0.001208791208791249,-4.9951071923828137e-05
0.0004029304029304903,-4.9951071923828137e-05
-0.00040293040293026827,-4.9951071923828137e-05
-0.0012087912087910269,-4.9951071923828137e-05
-0.0020146520146520075,-4.9951071923828137e-05
-0.002820512820512766,-4.9951071923828137e-05
-0.0036263736263735247,-4.9951071923828137e-05
-0.004432234432234283,-4.9951071923828137e-05
-0.005238095238095042,-4.9951071923828137e-05
-0.0060439560439560225,-4.9951071923828137e-05
-0.006849816849816781,-4.9951071923828137e-05
-0.00765567765567754,-4.9951071923828137e-05
-0.008461538461538298,-4.9951071923828137e-05
-0.009267399267399279,-4.9951071923828137e-05
-0.010073260073260037,-4.9951071923828137e-05
-0.010879120879120796,-4.9951071923828137e-05
-0.011684981684981555,-4.9951071923828137e-05
-0.012490842490842313,-4.9951071923828137e-05
-0.013296703296703294,-4.9951071923828137e-05
-0.014102564102564052,-4.9951071923828137e-05
-0.014908424908424811,-4.9951071923828137e-05
-0.01571428571428557,-4.9951071923828137e-05
-0.016520146520146328,-4.9951071923828137e-05
-0.01732600732600731,-4.9951071923828137e-05
-0.018131868131868067,-4.9951071923828137e-05
-0.018937728937728826,-4.9951071923828137e-05
-0.019743589743589585,-4.9951071923828137e-05
-0.020549450549450565,-4.9951071923828137e-05
-0.021355311355311324,-4.9951071923828137e-05
-0.022161172161172082,-4.9951071923828137e-05
-0.02296703296703284,-4.9951071923828137e-05
-0.0237728937728936,-4.9951071923828137e-05
-0.02457875457875458,-4.9951071923828137e-05
-0.02538461538461534,-4.9951071923828137e-05
-0.026190476190476097,-4.9951071923828137e-05
-0.026996336996336856,-4.9951071923828137e-05
-0.027802197802197615,-4.9951071923828137e-05
-0.028608058608058595,-4.9951071923828137e-05
-0.029413919413919354,-4.9951071923828137e-05
-0.030219780219780112,-4.9951071923828137e-05
-0.03102564102564087,-4.9951071923828137e-05
-0.03183150183150185,-4.9951071923828137e-05
-0.03263736263736261,-4.9951071923828137e-05
-0.03344322344322337,-4.9951071923828137e-05
-0.03424908424908413,-4.9951071923828137e-05
-0.035054945054944886,-4.9951071923828137e-05
-0.03586080586080587,-4.9951071923828137e-05
-0.036666666666666625,-4.9951071923828137e-05
-0.037472527472527384,-4.9951071923828137e-05
-0.03827838827838814,-4.9951071923828137e-05
-0.0390842490842489,-4.9951071923828137e-05
-0.03989010989010988,-4.9951071923828137e-05
-0.04069597069597064,-4.9951071923828137e-05
-0.0415018315018314,-4.9951071923828137e-05
-0.04230769230769216,-4.9951071923828137e-05
-0.043113553113552916,-4.9951071923828137e-05
-0.0439194139194139,-4.9951071923828137e-05
-0.044725274725274655,-4.9951071923828137e-05
-0.045531135531135414,-4.9951071923828137e-05
-0.04633699633699617,-4.9951071923828137e-05
-0.04714285714285715,-4.9951071923828137e-05
-0.04794871794871791,-4.9951071923828137e-05
-0.04875457875457867,-4.9951071923828137e-05
-0.04956043956043943,-4.9951071923828137e-05
-0.05036630036630019,-4.9951071923828137e-05
-0.05117216117216117,-4.9951071923828137e-05
-0.05197802197802193,-4.9951071923828137e-05
-0.052783882783882685,-4.9951071923828137e-05
-0.053589743589743444,-4.9951071923828137e-05
-0.0543956043956042,-4.9951071923828137e-05
-0.05520146520146518,-4.9951071923828137e-05
-0.05600732600732594,-4.9951071923828137e-05
-0.0568131868131867,-4.9951071923828137e-05
-0.05761904761904746,-4.9951071923828137e-05
-0.05842490842490844,-4.9951071923828137e-05
-0.0592307692307692,-4.9951071923828137e-05
-0.06003663003662996,-4.9951071923828137e-05
-0.060842490842490715,-4.9951071923828137e-05
-0.061648351648351474,-4.9951071923828137e-05
-0.062454212454212454,-4.9951071923828137e-05
-0.06326007326007321,-4.9951071923828137e-05
-0.06406593406593397,-4.9951071923828137e-05
-0.06487179487179473,-4.9951071923828137e-05
-0.06567765567765549,-4.9951071923828137e-05
-0.06648351648351647,-4.9951071923828137e-05
-0.06728937728937723,-4.9951071923828137e-05
-0.06809523809523799,-4.9951071923828137e-05
-0.06890109890109875,-4.9951071923828137e-05
-0.06970695970695973,-4.9951071923828137e-05
-0.07051282051282048,-4.9951071923828137e-05
-0.07131868131868124,-4.9951071923828137e-05
-0.072124542124542,-4.9951071923828137e-05
-0.07293040293040276,-4.9951071923828137e-05
-0.07373626373626374,-4.9951071923828137e-05
-0.0745421245421245,-4.9951071923828137e-05
-0.07534798534798526,-4.9951071923828137e-05
-0.07615384615384602,-4.9951071923828137e-05
-0.07695970695970678,-4.9951071923828137e-05
-0.07776556776556776,-4.9951071923828137e-05
-0.07857142857142851,-4.9951071923828137e-05
-0.07937728937728927,-4.9951071923828137e-05
-0.08018315018315003,-4.9951071923828137e-05
-0.08098901098901101,-4.9951071923828137e-05
-0.08179487179487177,-4.9951071923828137e-05
-0.08260073260073253,-4.9951071923828137e-05
-0.08340659340659329,-4.9951071923828137e-05
-0.08421245421245405,-4.9951071923828137e-05
-0.08501831501831503,-4.9951071923828137e-05
-0.08582417582417579,-4.9951071923828137e-05
-0.08663003663003654,-4.9951071923828137e-05
-0.0874358974358973,-4.9951071923828137e-05
-0.08824175824175806,-4.9951071923828137e-05
-0.08904761904761904,-4.9951071923828137e-05
-0.0898534798534798,-4.9951071923828137e-05
-0.09065934065934056,-4.9951071923828137e-05
-0.09146520146520132,-4.9951071923828137e-05
-0.09227106227106208,-4.9951071923828137e-05
-0.09307692307692306,-4.9951071923828137e-05
-0.09388278388278382,-4.9951071923828137e-05
-0.09468864468864457,-4.9951071923828137e-05
-0.09549450549450533,-4.9951071923828137e-05
-0.09630036630036631,-4.9951071923828137e-05
-0.09710622710622707,-4.9951071923828137e-05
-0.09791208791208783,-4.9951071923828137e-05
-0.09871794871794859,-4.9951071923828137e-05
-0.09952380952380935,-4.9951071923828137e-05
-0.10032967032967033,-4.9951071923828137e-05
-0.09952380952380935,-4.9951071923828137e-05
-0.09871794871794859,-4.9951071923828137e-05
-0.09791208791208783,-4.9951071923828137e-05
-0.09710622710622707,-4.9951071923828137e-05
-0.09630036630036631,-4.9951071923828137e-05
-0.09549450549450533,-4.9951071923828137e-05
-0.09468864468864457,-4.9951071923828137e-05
-0.09388278388278382,-4.9951071923828137e-05
-0.09307692307692306,-4.9951071923828137e-05
-0.09227106227106208,-4.9951071923828137e-05
-0.09146520146520132,-4.9951071923828137e-05
-0.09065934065934056,-4.9951071923828137e-05
-0.0898534798534798,-4.9951071923828137e-05
-0.08904761904761904,-4.9951071923828137e-05
-0.08824175824175806,-4.9951071923828137e-05
-0.0874358974358973,-4.9951071923828137e-05
-0.08663003663003654,-4.9951071923828137e-05
-0.08582417582417579,-4.9951071923828137e-05
-0.08501831501831503,-4.9951071923828137e-05
-0.08421245421245405,-4.9951071923828137e-05
-0.08340659340659329,-4.9951071923828137e-05
-0.08260073260073253,-4.9951071923828137e-05
-0.08179487179487177,-4.9951071923828137e-05
-0.08098901098901101,-4.9951071923828137e-05
-0.08018315018315003,-4.9951071923828137e-05
-0.07937728937728927,-4.9951071923828137e-05
-0.07857142857142851,-4.9951071923828137e-05
-0.07776556776556776,-4.9951071923828137e-05
-0.07695970695970678,-4.9951071923828137e-05
-0.07615384615384602,-4.9951071923828137e-05
-0.07534798534798526,-4.9951071923828137e-05
-0.0745421245421245,-4.9951071923828137e-05
-0.07373626373626374,-4.9951071923828137e-05
-0.07293040293040276,-4.9951071923828137e-05
-0.072124542124542,-4.9951071923828137e-05
-0.07131868131868124,-4.9951071923828137e-05
-0.07051282051282048,-4.9951071923828137e-05
-0.06970695970695973,-4.9951071923828137e-05
-0.06890109890109875,-4.9951071923828137e-05
-0.06809523809523799,-4.9951071923828137e-05
-0.06728937728937723,-4.9951071923828137e-05
-0.06648351648351647,-4.9951071923828137e-05
-0.06567765567765549,-4.9951071923828137e-05
-0.06487179487179473,-4.9951071923828137e-05
-0.06406593406593397,-4.9951071923828137e-05
-0.06326007326007321,-4.9951071923828137e-05
-0.062454212454212454,-4.9951071923828137e-05
-0.061648351648351474,-4.9951071923828137e-05
-0.060842490842490715,-4.9951071923828137e-05
-0.06003663003662996,-4.9951071923828137e-05
-0.0592307692307692,-4.9951071923828137e-05
-0.05842490842490844,-4.9951071923828137e-05
-0.05761904761904746,-4.9951071923828137e-05
-0.0568131868131867,-4.9951071923828137e-05
-0.05600732600732594,-4.9951071923828137e-05
-0.05520146520146518,-4.9951071923828137e-05
-0.0543956043956042,-4.9951071923828137e-05
-0.053589743589743444,-4.9951071923828137e-05
-0.052783882783882685,-4.9951071923828137e-05
-0.05197802197802193,-4.9951071923828137e-05
-0.05117216117216117,-4.9951071923828137e-05
-0.05036630036630019,-4.9951071923828137e-05
-0.04956043956043943,-4.9951071923828137e-05
-0.04875457875457867,-4.9951071923828137e-05
-0.04794871794871791,-4.9951071923828137e-05
-0.04714285714285715,-4.9951071923828137e-05
-0.04633699633699617,-4.9951071923828137e-05
-0.045531135531135414,-4.9951071923828137e-05
-0.044725274725274655,-4.9951071923828137e-05
-0.0439194139194139,-4.9951071923828137e-05
-0.043113553113552916,-4.9951071923828137e-05
-0.04230769230769216,-4.9951071923828137e-05
-0.0415018315018314,-4.9951071923828137e-05
-0.04069597069597064,-4.9951071923828137e-05
-0.03989010989010988,-4.9951071923828137e-05
-0.0390842490842489,-4.9951071923828137e-05
-0.03827838827838814,-4.9951071923828137e-05
-0.037472527472527384,-4.9951071923828137e-05
-0.036666666666666625,-4.9951071923828137e-05
-0.03586080586080587,-4.9951071923828137e-05
-0.035054945054944886,-4.9951071923828137e-05
-0.03424908424908413,-4.9951071923828137e-05
-0.03344322344322337,-4.9951071923828137e-05
-0.03263736263736261,-4.9951071923828137e-05
-0.03183150183150185,-4.9951071923828137e-05
-0.03102564102564087,-4.9951071923828137e-05
-0.030219780219780112,-4.9951071923828137e-05
-0.029413919413919354,-4.9951071923828137e-05
-0.028608058608058595,-4.9951071923828137e-05
-0.027802197802197615,-4.9951071923828137e-05
-0.026996336996336856,-4.9951071923828137e-05
-0.026190476190476097,-4.9951071923828137e-05
-0.02538461538461534,-4.9951071923828137e-05
-0.02457875457875458,-4.9951071923828137e-05
-0.0237728937728936,-4.9951071923828137e-05
-0.02296703296703284,-4.9951071923828137e-05
-0.022161172161172082,-4.9951071923828137e-05
-0.021355311355311324,-4.9951071923828137e-05
-0.020549450549450565,-4.9951071923828137e-05
-0.019743589743589585,-4.9951071923828137e-05
-0.018937728937728826,-4.9951071923828137e-05
-0.018131868131868067,-4.9951071923828137e-05
-0.01732600732600731,-4.9951071923828137e-05
-0.016520146520146328,-4.9951071923828137e-05
-0.01571428571428557,-4.9951071923828137e-05
-0.014908424908424811,-4.9951071923828137e-05
-0.014102564102564052,-4.9951071923828137e-05
-0.013296703296703294,-4.9951071923828137e-05
-0.012490842490842313,-4.9951071923828137e-05
-0.011684981684981555,-4.9951071923828137e-05
-0.010879120879120796,-4.9951071923828137e-05
-0.010073260073260037,-4.9951071923828137e-05
-0.009267399267399279,-4.9951071923828137e-05
-0.008461538461538298,-4.9951071923828137e-05
-0.00765567765567754,-4.9951071923828137e-05
-0.006849816849816781,-4.9951071923828137e-05
-0.0060439560439560225,-4.9951071923828137e-05
-0.005238095238095042,-4.9951071923828137e-05
-0.004432234432234283,-4.9951071923828137e-05
-0.0036263736263735247,-4.9951071923828137e-05
-0.002820512820512766,-4.9951071923828137e-05
-0.0020146520146520075,-4.9951071923828137e-05
-0.0012087912087910269,-4.9951071923828137e-05
-0.00040293040293026827,-4.9951071923828137e-05
0.0004029304029304903,-4.9951071923828137e-05
0.001208791208791249,-4.9951071923828137e-05
0.0020146520146520075,-4.9951071923828137e-05
0.002820512820512988,-4.9951071923828137e-05
0.0036263736263737467,-4.9951071923828137e-05
0.004432234432234505,-4.9951071923828137e-05
0.005238095238095264,-4.9951071923828137e-05
0.0060439560439560225,-4.9951071923828137e-05
0.006849816849817003,-4.9951071923828137e-05
0.007655677655677762,-4.9951071923828137e-05
0.00846153846153852,-4.9951071923828137e-05
0.009267399267399279,-4.9951071923828137e-05
0.01007326007326026,-4.9951071923828137e-05
0.010879120879121018,-4.9951071923828137e-05
0.011684981684981777,-4.9951071923828137e-05
0.012490842490842535,-4.9951071923828137e-05
0.013296703296703294,-4.9951071923828137e-05
0.014102564102564275,-4.9951071923828137e-05
0.014908424908425033,-4.9951071923828137e-05
0.01571428571428579,-4.9951071923828137e-05
0.01652014652014655,-4.9951071923828137e-05
0.01732600732600731,-4.9951071923828137e-05
0.01813186813186829,-4.9951071923828137e-05
0.018937728937729048,-4.9951071923828137e-05
0.019743589743589807,-4.9951071923828137e-05
0.020549450549450565,-4.9951071923828137e-05
0.021355311355311546,-4.9951071923828137e-05
0.022161172161172304,-4.9951071923828137e-05
0.022967032967033063,-1.0888610986328132e-05
0.02377289377289382,-0.0031408659497558595
0.02457875457875458,-0.0031408171216796878
0.02538461538461556,-0.0031407682936035156
0.02619047619047632,-0.0031407682936035156
0.026996336996337078,-0.0031407682936035156
0.027802197802197837,-0.0031407682936035156
0.028608058608058595,-0.0031407682936035156
0.029413919413919576,-0.0031407682936035156
0.030219780219780334,-0.0031407682936035156
0.031025641025641093,-0.0031407682936035156
0.03183150183150185,-0.0031407682936035156
0.03263736263736283,-0.0031407682936035156
0.03344322344322359,-0.0031407682936035156
0.03424908424908435,-0.0031407682936035156
0.03505494505494511,-0.0031407682936035156
0.03586080586080587,-0.0031407682936035156
0.03666666666666685,-0.0031407682936035156
0.037472527472527606,-0.0031407682936035156
0.038278388278388364,-0.0031407682936035156
0.03908424908424912,-0.0031407682936035156
0.03989010989010988,-0.0031407682936035156
0.04069597069597086,-0.0031407682936035156
0.04150183150183162,-0.0031407682936035156
0.04230769230769238,-0.0031407682936035156
0.04311355311355314,-0.0031407682936035156
0.0439194139194139,-0.0031407682936035156
0.04472527472527488,-0.0031407682936035156
0.045531135531135636,-0.0031407682936035156
0.046336996336996394,-0.0031407682936035156
0.04714285714285715,-0.0031407682936035156
0.047948717948718134,-0.0031407682936035156
0.04875457875457889,-0.0031407682936035156
0.04956043956043965,-0.0031407682936035156
0.05036630036630041,-0.0031407682936035156
0.05117216117216117,-0.0031407682936035156
0.05197802197802215,-0.0031407682936035156
0.05278388278388291,-0.0031407682936035156
0.053589743589743666,-0.0031407682936035156
0.054395604395604424,-0.0031407682936035156
0.05520146520146518,-0.0031407682936035156
0.056007326007326164,-0.0031407682936035156
0.05681318681318692,-0.0031407682936035156
0.05761904761904768,-0.0031407682936035156
0.05842490842490844,-0.0031407682936035156
0.05923076923076942,-0.0031407682936035156
0.06003663003663018,-0.0031407682936035156
0.06084249084249094,-0.0031407682936035156
0.061648351648351696,-0.0031407682936035156
0.062454212454212454,-0.0031407682936035156
0.06326007326007344,-0.0031407682936035156
0.0640659340659342,-0.0031407682936035156
0.06487179487179495,-0.0031407682936035156
0.06567765567765571,-0.0031407682936035156
0.06648351648351647,-0.0031407682936035156
0.06728937728937745,-0.0031407682936035156
0.06809523809523821,-0.0031407682936035156
0.06890109890109897,-0.0031407682936035156
0.06970695970695973,-0.0031407682936035156
0.0705128205128207,-0.0031407682936035156
0.07131868131868146,-0.0031407682936035156
0.07212454212454222,-0.0031407682936035156
0.07293040293040298,-0.0031407682936035156
0.07373626373626374,-0.0031407682936035156
0.07454212454212472,-0.0031407682936035156
0.07534798534798548,-0.0031407682936035156
0.07615384615384624,-0.0031407682936035156
0.076959706959707,-0.0031407682936035156
0.07776556776556776,-0.0031407682936035156
0.07857142857142874,-0.0031407682936035156
0.0793772893772895,-0.0031407682936035156
0.08018315018315025,-0.0031407682936035156
0.08098901098901101,-0.0031407682936035156
0.08179487179487199,-0.0031407682936035156
0.08260073260073275,-0.0031407682936035156
0.08340659340659351,-0.0031407682936035156
0.08421245421245427,-0.0031407682936035156
0.08501831501831503,-0.0031407682936035156
0.08582417582417601,-0.0031407682936035156
0.08663003663003677,-0.0031407682936035156
0.08743589743589752,-0.0031407682936035156
0.08824175824175828,-0.0031407682936035156
0.08904761904761904,-0.0031407682936035156
0.08985347985348002,-0.0031407682936035156
0.09065934065934078,-0.0031407682936035156
0.09146520146520154,-0.0031407682936035156
0.0922710622710623,-0.0031407682936035156
0.09307692307692306,-0.0031407682936035156
0.09388278388278404,-0.0031407682936035156
0.0946886446886448,-0.0031407682936035156
0.09549450549450555,-0.0031407682936035156
0.09630036630036631,-0.0031407682936035156
0.0971062271062273,-0.0031407682936035156
0.09791208791208805,-0.0031407682936035156
0.09871794871794881,-0.0031407682936035156
0.09952380952380957,-0.0031407682936035156
0.10032967032967033,-0.0031407682936035156
0.10113553113553131,-0.0031407682936035156
0.10194139194139207,-0.0031407682936035156
0.10274725274725283,-0.0031407682936035156
0.10355311355311358,-0.0031407682936035156
0.10435897435897434,-0.0031407682936035156
0.10516483516483532,-0.0031407682936035156
0.10597069597069608,-0.0031407682936035156
0.10677655677655684,-0.0031407682936035156
0.1075824175824176,-0.0031407682936035156
0.10838827838827858,-0.0031407682936035156
0.10919413919413934,-0.0031407682936035156
0.1100000000000001,-0.0031407682936035156
0.11080586080586086,-0.0031407682936035156
0.11161172161172161,-0.0031407682936035156
0.1124175824175826,-0.0031407682936035156
0.11322344322344335,-0.0031407682936035156
0.11402930402930411,-0.0031407682936035156
0.11483516483516487,-0.0031407682936035156
0.11564102564102563,-0.0031407682936035156
0.11644688644688661,-0.0031407682936035156
0.11725274725274737,-0.0031407682936035156
0.11805860805860813,-0.0031407682936035156
0.11886446886446889,-0.0031407682936035156
0.11967032967032987,-0.0031407682936035156
0.12047619047619063,-0.0031407682936035156
0.12128205128205138,-0.0031407682936035156
0.12208791208791214,-0.0031407682936035156
0.1228937728937729,-0.0031407682936035156
0.12369963369963388,-0.0031407682936035156
0.12450549450549464,-0.0031407682936035156
0.1253113553113554,-0.0031407682936035156
0.12611721611721616,-0.0031407682936035156
0.12692307692307692,-0.0031407682936035156
0.1277289377289379,-0.0031407682936035156
0.12853479853479866,-0.0031407682936035156
0.12934065934065941,-0.0031407682936035156
0.13014652014652017,-0.0031407682936035156
0.13095238095238093,-0.0031407682936035156
0.1317582417582419,-0.0031407682936035156
0.13256410256410267,-0.0031407682936035156
0.13336996336996343,-0.0031407682936035156
0.1341758241758242,-0.0031407682936035156
0.13498168498168517,-0.0031407682936035156
0.13578754578754593,-0.0031407682936035156
0.13659340659340669,-0.0031407682936035156
0.13739926739926744,-0.0031407682936035156
0.1382051282051282,-0.0031407682936035156
0.13901098901098918,-0.0031407682936035156
0.13981684981684994,-0.0031407682936035156
0.1406227106227107,-0.0031407682936035156
0.14142857142857146,-0.0031407682936035156
0.14223443223443222,-0.0031407682936035156
0.1430402930402932,-0.0031407682936035156
0.14384615384615396,-0.0031407682936035156
0.14465201465201472,-0.0031407682936035156
0.14545787545787547,-0.0031407682936035156
0.14626373626373645,-0.0031407682936035156
0.1470695970695972,-0.0031407682936035156
0.14787545787545797,-0.0031407682936035156
0.14868131868131873,-0.0031407682936035156
0.1494871794871795,-0.0031407682936035156
0.15029304029304047,-0.0031407682936035156
0.15109890109890123,-0.0031407682936035156
0.151904761904762,-0.0031407682936035156
0.15271062271062275,-0.0031407682936035156
0.1535164835164835,-0.0031407682936035156
0.15432234432234448,-0.0031407682936035156
0.15512820512820524,-0.0031407682936035156
0.155934065934066,-0.0031407682936035156
0.15673992673992676,-0.0031407682936035156
0.15754578754578774,-0.0031407682936035156
0.1583516483516485,-0.0031407682936035156
0.15915750915750926,-0.0031407682936035156
0.15996336996337002,-0.0031407682936035156
0.16076923076923078,-0.0031407682936035156
0.16157509157509176,-0.0031407682936035156
0.16238095238095251,-0.0031407682936035156
0.16318681318681327,-0.0031407682936035156
0.16399267399267403,-0.0031407682936035156
0.1647985347985348,-0.0031407682936035156
0.16560439560439577,-0.0031407682936035156
0.16641025641025653,-0.0031407682936035156
0.1672161172161173,-0.0031407682936035156
0.16802197802197805,-0.0031407682936035156
0.1688278388278388,-0.0031407682936035156
0.16963369963369979,-0.0031407682936035156
0.17043956043956054,-0.0031407682936035156
0.1712454212454213,-0.0031407682936035156
0.17205128205128206,-0.0031407682936035156
0.17285714285714304,-0.0031407682936035156
0.1736630036630038,-0.0031407682936035156
0.17446886446886456,-0.0031407682936035156
0.17527472527472532,-0.0031407682936035156
0.17608058608058608,-0.0031407682936035156
0.17688644688644706,-0.0031407682936035156
0.17769230769230782,-0.0031407682936035156
0.17849816849816857,-0.0031407682936035156
0.17930402930402933,-0.0031407682936035156
0.1801098901098901,-0.0031407682936035156
0.18091575091575107,-0.0031407682936035156
0.18172161172161183,-0.0031407682936035156
0.1825274725274726,-0.0031407682936035156
0.18333333333333335,-0.0031407682936035156
0.18413919413919433,-0.0031407682936035156
0.1849450549450551,-0.0031407682936035156
0.18575091575091585,-0.0031407682936035156
0.1865567765567766,-0.0031407682936035156
0.18736263736263736,-0.0031407682936035156
0.18816849816849834,-0.0031407682936035156
0.1889743589743591,-0.0031407682936035156
0.18978021978021986,-0.0031407682936035156
0.19058608058608062,-0.0031407682936035156
0.19139194139194138,-0.0031407682936035156
0.19219780219780236,-0.0031407682936035156
0.19300366300366312,-0.0031407682936035156
0.19380952380952388,-0.0031407682936035156
0.19461538461538463,-0.0031407682936035156
0.19542124542124562,-0.0031407682936035156
0.19622710622710637,-0.0031407682936035156
0.19703296703296713,-0.0031407682936035156
0.1978388278388279,-0.0031407682936035156
0.19864468864468865,-0.0031407682936035156
0.19945054945054963,-0.0031407682936035156
0.2002564102564104,-0.0031407682936035156
0.19945054945054963,-0.0031407682936035156
0.19864468864468865,-0.0031407682936035156
0.1978388278388279,-0.0031407682936035156
0.19703296703296713,-0.0031407682936035156
0.19622710622710637,-0.0031407682936035156
0.19542124542124562,-0.0031407682936035156
0.19461538461538463,-0.0031407682936035156
0.19380952380952388,-0.0031407682936035156
0.19300366300366312,-0.0031407682936035156
0.19219780219780236,-0.0031407682936035156
0.19139194139194138,-0.0031407682936035156
0.19058608058608062,-0.0031407682936035156
0.18978021978021986,-0.0031407682936035156
0.1889743589743591,-0.0031407682936035156
0.18816849816849834,-0.0031407682936035156
0.18736263736263736,-0.0031407682936035156
0.1865567765567766,-0.0031407682936035156
0.18575091575091585,-0.0031407682936035156
0.1849450549450551,-0.0031407682936035156
0.18413919413919433,-0.0031407682936035156
0.18333333333333335,-0.0031407682936035156
0.1825274725274726,-0.0031407682936035156
0.18172161172161183,-0.0031407682936035156
0.18091575091575107,-0.0031407682936035156
0.1801098901098901,-0.0031407682936035156
0.17930402930402933,-0.0031407682936035156
0.17849816849816857,-0.0031407682936035156
0.17769230769230782,-0.0031407682936035156
0.17688644688644706,-0.0031407682936035156
0.17608058608058608,-0.0031407682936035156
0.17527472527472532,-0.0031407682936035156
0.17446886446886456,-0.0031407682936035156
0.1736630036630038,-0.0031407682936035156
0.17285714285714304,-0.0031407682936035156
0.17205128205128206,-0.0031407682936035156
0.1712454212454213,-0.0031407682936035156
0.17043956043956054,-0.0031407682936035156
0.16963369963369979,-0.0031407682936035156
0.1688278388278388,-0.0031407682936035156
0.16802197802197805,-0.0031407682936035156
0.1672161172161173,-0.0031407682936035156
0.16641025641025653,-0.0031407682936035156
0.16560439560439577,-0.0031407682936035156
0.1647985347985348,-0.0031407682936035156
0.16399267399267403,-0.0031407682936035156
0.16318681318681327,-0.0031407682936035156
0.16238095238095251,-0.0031407682936035156
0.16157509157509176,-0.0031407682936035156
0.16076923076923078,-0.0031407682936035156
0.15996336996337002,-0.0031407682936035156
0.15915750915750926,-0.0031407682936035156
0.1583516483516485,-0.0031407682936035156
0.15754578754578774,-0.0031407682936035156
0.15673992673992676,-0.0031407682936035156
0.155934065934066,-0.0031407682936035156
0.15512820512820524,-0.0031407682936035156
0.15432234432234448,-0.0031407682936035156
0.1535164835164835,-0.0031407682936035156
0.15271062271062275,-0.0031407682936035156
0.151904761904762,-0.0031407682936035156
0.15109890109890123,-0.0031407682936035156
0.15029304029304047,-0.0031407682936035156
0.1494871794871795,-0.0031407682936035156
0.14868131868131873,-0.0031407682936035156
0.14787545787545797,-0.0031407682936035156
0.1470695970695972,-0.0031407682936035156
0.14626373626373645,-0.0031407682936035156
0.14545787545787547,-0.0031407682936035156
0.14465201465201472,-0.0031407682936035156
0.14384615384615396,-0.0031407682936035156
0.1430402930402932,-0.0031407682936035156
0.14223443223443222,-0.0031407682936035156
0.14142857142857146,-0.0031407682936035156
0.1406227106227107,-0.0031407682936035156
0.13981684981684994,-0.0031407682936035156
0.13901098901098918,-0.0031407682936035156
0.1382051282051282,-0.0031407682936035156
0.13739926739926744,-0.0031407682936035156
0.13659340659340669,-0.0031407682936035156
0.13578754578754593,-0.0031407682936035156
0.13498168498168517,-0.0031407682936035156
0.1341758241758242,-0.0031407682936035156
0.13336996336996343,-0.0031407682936035156
0.13256410256410267,-0.0031407682936035156
0.1317582417582419,-0.0031407682936035156
0.13095238095238093,-0.0031407682936035156
0.13014652014652017,-0.0031407682936035156
0.12934065934065941,-0.0031407682936035156
0.12853479853479866,-0.0031407682936035156
0.1277289377289379,-0.0031407682936035156
0.12692307692307692,-0.0031407682936035156
0.12611721611721616,-0.0031407682936035156
0.1253113553113554,-0.0031407682936035156
0.12450549450549464,-0.0031407682936035156
0.12369963369963388,-0.0031407682936035156
0.1228937728937729,-0.0031407682936035156
0.12208791208791214,-0.0031407682936035156
0.12128205128205138,-0.0031407682936035156
0.12047619047619063,-0.0031407682936035156
0.11967032967032987,-0.0031407682936035156
0.11886446886446889,-0.0031407682936035156
0.11805860805860813,-0.0031407682936035156
0.11725274725274737,-0.0031407682936035156
0.11644688644688661,-0.0031407682936035156
0.11564102564102563,-0.0031407682936035156
0.11483516483516487,-0.0031407682936035156
0.11402930402930411,-0.0031407682936035156
0.11322344322344335,-0.0031407682936035156
0.1124175824175826,-0.0031407682936035156
0.11161172161172161,-0.0031407682936035156
0.11080586080586086,-0.0031407682936035156
0.1100000000000001,-0.0031407682936035156
0.10919413919413934,-0.0031407682936035156
0.10838827838827858,-0.0031407682936035156
0.1075824175824176,-0.0031407682936035156
0.10677655677655684,-0.0031407682936035156
0.10597069597069608,-0.0031407682936035156
0.10516483516483532,-0.0031407682936035156
0.10435897435897434,-0.0031407682936035156
0.10355311355311358,-0.0031407682936035156
0.10274725274725283,-0.0031407682936035156
0.10194139194139207,-0.0031407682936035156
0.10113553113553131,-0.0031407682936035156
0.10032967032967033,-0.0031407682936035156
0.09952380952380957,-0.0031407682936035156
0.09871794871794881,-0.0031407682936035156
0.09791208791208805,-0.0031407682936035156
0.0971062271062273,-0.0031407682936035156
0.09630036630036631,-0.0031407682936035156
0.09549450549450555,-0.0031407682936035156
0.0946886446886448,-0.0031407682936035156
0.09388278388278404,-0.0031407682936035156
0.09307692307692306,-0.0031407682936035156
0.0922710622710623,-0.0031407682936035156
0.09146520146520154,-0.0031407682936035156
0.09065934065934078,-0.0031407682936035156
0.08985347985348002,-0.0031407682936035156
0.08904761904761904,-0.0031407682936035156
0.08824175824175828,-0.0031407682936035156
0.08743589743589752,-0.0031407682936035156
0.08663003663003677,-0.0031407682936035156
0.08582417582417601,-0.0031407682936035156
0.08501831501831503,-0.0031407682936035156
0.08421245421245427,-0.0031407682936035156
0.08340659340659351,-0.0031407682936035156
0.08260073260073275,-0.0031407682936035156
0.08179487179487199,-0.0031407682936035156
0.08098901098901101,-0.0031407682936035156
0.08018315018315025,-0.0031407682936035156
0.0793772893772895,-0.0031407682936035156
0.07857142857142874,-0.0031407682936035156
0.07776556776556776,-0.0031407682936035156
0.076959706959707,-0.0031407682936035156
0.07615384615384624,-0.0031407682936035156
0.07534798534798548,-0.0031407682936035156
0.07454212454212472,-0.0031407682936035156
0.07373626373626374,-0.0031407682936035156
0.07293040293040298,-0.0031407682936035156
0.07212454212454222,-0.0031407682936035156
0.07131868131868146,-0.0031407682936035156
0.0705128205128207,-0.0031407682936035156
0.06970695970695973,-0.0031407682936035156
0.06890109890109897,-0.0031407682936035156
0.06809523809523821,-0.0031407682936035156
0.06728937728937745,-0.0031407682936035156
0.06648351648351647,-0.0031407682936035156
0.06567765567765571,-0.0031407682936035156
0.06487179487179495,-0.0031407682936035156
0.0640659340659342,-0.0031407682936035156
0.06326007326007344,-0.0031407682936035156
0.062454212454212454,-0.0031407682936035156
0.061648351648351696,-0.0031407682936035156
0.06084249084249094,-0.0031407682936035156
0.06003663003663018,-0.0031407682936035156
0.05923076923076942,-0.0031407682936035156
0.05842490842490844,-0.0031407682936035156
0.05761904761904768,-0.0031407682936035156
0.05681318681318692,-0.0031407682936035156
0.056007326007326164,-0.0031407682936035156
0.05520146520146518,-0.0031407682936035156
0.054395604395604424,-0.0031407682936035156
0.053589743589743666,-0.0031407682936035156
0.05278388278388291,-0.0031407682936035156
0.05197802197802215,-0.0031407682936035156
0.05117216117216117,-0.0031407682936035156
0.05036630036630041,-0.0031407682936035156
0.04956043956043965,-0.0031407682936035156
0.04875457875457889,-0.0031407682936035156
0.047948717948718134,-0.0031407682936035156
0.04714285714285715,-0.0031407682936035156
0.046336996336996394,-0.0031407682936035156
0.045531135531135636,-0.0031407682936035156
0.04472527472527488,-0.0031407682936035156
0.0439194139194139,-0.0031407682936035156
0.04311355311355314,-0.0031407682936035156
0.04230769230769238,-0.0031407682936035156
0.04150183150183162,-0.0031407682936035156
0.04069597069597086,-0.0031407682936035156
0.03989010989010988,-0.0031407682936035156
0.03908424908424912,-0.0031407682936035156
0.038278388278388364,-0.0031407682936035156
0.037472527472527606,-0.0031407682936035156
0.03666666666666685,-0.0031407682936035156
0.03586080586080587,-0.0031407682936035156
0.03505494505494511,-0.0031407682936035156
0.03424908424908435,-0.0031407682936035156
0.03344322344322359,-0.0031407682936035156
0.03263736263736283,-0.0031407682936035156
0.03183150183150185,-0.0031407682936035156
0.031025641025641093,-0.0031407682936035156
0.030219780219780334,-0.0031407682936035156
0.029413919413919576,-0.0031407682936035156
0.028608058608058595,-0.0031407682936035156
0.027802197802197837,-0.0031407682936035156
0.026996336996337078,-0.0031407682936035156
0.02619047619047632,-0.0031407682936035156
0.02538461538461556,-0.0031407682936035156
0.02457875457875458,-0.0031407682936035156
0.02377289377289382,-0.0031407682936035156
0.022967032967033063,-0.0031407682936035156
0.022161172161172304,-0.0031407682936035156
0.021355311355311546,-0.0031408171216796878
0.020549450549450565,-0.0031408659497558595
0.019743589743589807,-7.958926416015621e-06
0.018937728937729048,-4.9951071923828137e-05
0.01813186813186829,-4.9951071923828137e-05
0.01732600732600731,-4.9951071923828137e-05
0.01652014652014655,-4.9951071923828137e-05
0.01571428571428579,-4.9951071923828137e-05
0.014908424908425033,-4.9951071923828137e-05
0.014102564102564275,-4.9951071923828137e-05
0.013296703296703294,-4.9951071923828137e-05
0.012490842490842535,-4.9951071923828137e-05
0.011684981684981777,-4.9951071923828137e-05
0.010879120879121018,-4.9951071923828137e-05
0.01007326007326026,-4.9951071923828137e-05
0.009267399267399279,-4.9951071923828137e-05
0.00846153846153852,-4.9951071923828137e-05
0.007655677655677762,-4.9951071923828137e-05
0.006849816849817003,-4.9951071923828137e-05
