# Params: min_volt -0.1 max_volt 0.1 start_volt 0.0 scan_rate 0.05 direction down num_cycles 1
Stimulation voltage (V),Measured current(A)
-0.0020146520146520075,1.660204589843751e-06
-0.0012087912087910269,1.6113765136718712e-06
-0.00040293040293026827,1.6113765136718712e-06
0.0004029304029304903,-4.8778076171878125e-08
0.001208791208791249,-1.9526230468750327e-07
0.0020146520146520075,5.0000000001659824e-11
0.002820512820512988,9.770615234374701e-08
0.0036263736263737467,5.0000000001659824e-11
0.004432234432234505,4.887807617187434e-08
0.005238095238095264,1.465342285156197e-07
0.0060439560439560225,4.887807617187434e-08
0.006849816849817003,1.9536230468749947e-07
0.007655677655677762,1.9536230468749947e-07
0.00846153846153852,1.465342285156197e-07
0.009267399267399279,1.9536230468749947e-07
0.01007326007326026,1.9536230468749947e-07
0.010879120879121018,2.9301845703124485e-07
0.011684981684981777,3.418465332031246e-07
0.012490842490842535,2.4419038085937927e-07
0.013296703296703294,1.465342285156197e-07
0.014102564102564275,2.4419038085937927e-07
0.014908424908425033,1.9536230468749947e-07
0.01571428571428579,2.9301845703124485e-07
0.01652014652014655,5.371588378906224e-07
0.01732600732600731,2.4419038085937927e-07
0.01813186813186829,3.418465332031246e-07
0.018937728937729048,3.418465332031246e-07
0.019743589743589807,4.3950268554687707e-07
0.020549450549450565,1.9536230468749947e-07
0.021355311355311546,2.9301845703124485e-07
0.022161172161172304,2.9301845703124485e-07
0.022967032967033063,3.418465332031246e-07
0.02377289377289382,3.418465332031246e-07
0.02457875457875458,3.418465332031246e-07
0.02538461538461556,3.418465332031246e-07
0.02619047619047632,4.3950268554687707e-07
0.026996336996337078,2.9301845703124485e-07
0.027802197802197837,6.348149902343678e-07
0.028608058608058595,3.906746093749973e-07
0.029413919413919576,3.418465332031246e-07
0.030219780219780334,5.859869140625022e-07
0.031025641025641093,5.371588378906224e-07
0.03183150183150185,3.906746093749973e-07
0.03263736263736283,4.883307617187497e-07
0.03344322344322359,5.371588378906224e-07
0.03424908424908435,5.371588378906224e-07
0.03505494505494511,5.859869140625022e-07
0.03586080586080587,6.348149902343678e-07
0.03666666666666685,5.371588378906224e-07
0.037472527472527606,4.883307617187497e-07
0.038278388278388364,7.324711425781274e-07
0.03908424908424912,7.324711425781274e-07
0.03989010989010988,5.371588378906224e-07
0.04069597069597086,6.836430664062475e-07
0.04150183150183162,7.324711425781274e-07
0.04230769230769238,7.812992187500001e-07
0.04311355311355314,6.836430664062475e-07
0.0439194139194139,7.324711425781274e-07
0.04472527472527488,6.836430664062475e-07
0.045531135531135636,7.812992187500001e-07
0.046336996336996394,7.812992187500001e-07
0.04714285714285715,8.301272949218728e-07
0.047948717948718134,7.812992187500001e-07
0.04875457875457889,8.301272949218728e-07
0.04956043956043965,9.277834472656252e-07
0.05036630036630041,8.301272949218728e-07
0.05117216117216117,1.4160642089843733e-06
0.05197802197802215,8.789553710937454e-07
0.05278388278388291,8.301272949218728e-07
0.053589743589743666,6.836430664062475e-07
0.054395604395604424,9.277834472656252e-07
0.05520146520146518,1.0254395996093705e-06
0.056007326007326164,9.277834472656252e-07
0.05681318681318692,1.0254395996093705e-06
0.05761904761904768,8.301272949218728e-07
0.05842490842490844,1.1719238281249956e-06
0.05923076923076942,9.277834472656252e-07
0.06003663003663018,1.0742676757812502e-06
0.06084249084249094,1.123095751953123e-06
0.061648351648351696,1.123095751953123e-06
0.062454212454212454,1.1719238281249956e-06
0.06326007326007344,1.0742676757812502e-06
0.0640659340659342,1.123095751953123e-06
0.06487179487179495,1.0254395996093705e-06
0.06567765567765571,1.2695799804687481e-06
0.06648351648351647,1.1719238281249956e-06
0.06728937728937745,1.318408056640628e-06
0.06809523809523821,1.2207519042968756e-06
0.06890109890109897,1.1719238281249956e-06
0.06970695970695973,1.3672361328124935e-06
0.0705128205128207,1.1719238281249956e-06
0.07131868131868146,1.2695799804687481e-06
0.07212454212454222,1.3672361328124935e-06
0.07293040293040298,1.4160642089843733e-06
0.07373626373626374,1.5137203613281258e-06
0.07454212454212472,1.4160642089843733e-06
0.07534798534798548,1.5137203613281258e-06
0.07615384615384624,1.2695799804687481e-06
0.076959706959707,1.4160642089843733e-06
0.07776556776556776,1.4160642089843733e-06
0.07857142857142874,1.4160642089843733e-06
0.0793772893772895,1.4160642089843733e-06
0.08018315018315025,1.5137203613281258e-06
0.08098901098901101,1.5625484374999984e-06
0.08179487179487199,1.5137203613281258e-06
0.08260073260073275,1.7090326660156235e-06
0.08340659340659351,1.6113765136718712e-06
0.08421245421245427,1.5625484374999984e-06
0.08501831501831503,1.6113765136718712e-06
0.08582417582417601,1.7578607421874963e-06
0.08663003663003677,1.660204589843751e-06
0.08743589743589752,1.5137203613281258e-06
0.08824175824175828,1.8555168945312486e-06
0.08904761904761904,1.7578607421874963e-06
0.08985347985348002,1.7578607421874963e-06
0.09065934065934078,1.660204589843751e-06
0.09146520146520154,1.7578607421874963e-06
0.0922710622710623,1.6113765136718712e-06
0.09307692307692306,1.9043449707031214e-06
0.09388278388278404,1.8555168945312486e-06
0.0946886446886448,1.953173046875001e-06
0.09549450549450555,1.7578607421874963e-06
0.09630036630036631,1.806688818359376e-06
0.0971062271062273,1.953173046875001e-06
0.09791208791208805,1.9043449707031214e-06
0.09871794871794881,1.9043449707031214e-06
0.09952380952380957,1.9043449707031214e-06
0.10032967032967033,1.953173046875001e-06
0.09952380952380957,2.002001123046874e-06
0.09871794871794881,1.953173046875001e-06
0.09791208791208805,1.9043449707031214e-06
0.0971062271062273,1.660204589843751e-06
0.09630036630036631,1.660204589843751e-06
0.09549450549450555,1.5625484374999984e-06
0.0946886446886448,1.5137203613281258e-06
0.09388278388278404,1.5137203613281258e-06
0.09307692307692306,1.3672361328124935e-06
0.0922710622710623,1.4160642089843733e-06
0.09146520146520154,1.3672361328124935e-06
0.09065934065934078,1.2207519042968756e-06
0.08985347985348002,1.3672361328124935e-06
0.08904761904761904,1.2207519042968756e-06
0.08824175824175828,1.2695799804687481e-06
0.08743589743589752,1.318408056640628e-06
0.08663003663003677,1.123095751953123e-06
0.08582417582417601,1.0742676757812502e-06
0.08501831501831503,1.123095751953123e-06
0.08421245421245427,1.123095751953123e-06
0.08340659340659351,1.123095751953123e-06
0.08260073260073275,1.0254395996093705e-06
0.08179487179487199,1.0254395996093705e-06
0.08098901098901101,8.789553710937454e-07
0.08018315018315025,9.766115234374979e-07
0.0793772893772895,9.277834472656252e-07
0.07857142857142874,9.277834472656252e-07
0.07776556776556776,8.789553710937454e-07
0.076959706959707,9.766115234374979e-07
0.07615384615384624,8.789553710937454e-07
0.07534798534798548,3.906746093749973e-07
0.07454212454212472,7.324711425781274e-07
0.07373626373626374,6.348149902343678e-07
0.07293040293040298,6.836430664062475e-07
0.07212454212454222,5.859869140625022e-07
0.07131868131868146,6.836430664062475e-07
0.0705128205128207,6.836430664062475e-07
0.06970695970695973,6.836430664062475e-07
0.06890109890109897,5.371588378906224e-07
0.06809523809523821,3.906746093749973e-07
0.06728937728937745,4.883307617187497e-07
0.06648351648351647,4.883307617187497e-07
0.06567765567765571,3.906746093749973e-07
0.06487179487179495,3.418465332031246e-07
0.0640659340659342,4.883307617187497e-07
0.06326007326007344,5.371588378906224e-07
0.062454212454212454,4.3950268554687707e-07
0.061648351648351696,2.9301845703124485e-07
0.06084249084249094,4.3950268554687707e-07
0.06003663003663018,3.906746093749973e-07
0.05923076923076942,1.465342285156197e-07
0.05842490842490844,3.418465332031246e-07
0.05761904761904768,3.906746093749973e-07
0.05681318681318692,3.906746093749973e-07
0.056007326007326164,2.9301845703124485e-07
0.05520146520146518,3.418465332031246e-07
0.054395604395604424,1.9536230468749947e-07
0.053589743589743666,1.9536230468749947e-07
0.05278388278388291,1.9536230468749947e-07
0.05197802197802215,3.418465332031246e-07
0.05117216117216117,3.418465332031246e-07
0.05036630036630041,2.9301845703124485e-07
0.04956043956043965,5.0000000001659824e-11
0.04875457875457889,9.770615234374701e-08
0.047948717948718134,2.9301845703124485e-07
0.04714285714285715,2.9301845703124485e-07
0.046336996336996394,5.0000000001659824e-11
0.045531135531135636,2.4419038085937927e-07
0.04472527472527488,1.465342285156197e-07
0.0439194139194139,1.9536230468749947e-07
0.04311355311355314,5.0000000001659824e-11
0.04230769230769238,5.0000000001659824e-11
0.04150183150183162,-4.8778076171878125e-08
0.04069597069597086,2.9301845703124485e-07
0.03989010989010988,5.0000000001659824e-11
0.03908424908424912,-9.76061523437508e-08
0.038278388278388364,-4.8778076171878125e-08
0.037472527472527606,4.887807617187434e-08
0.03666666666666685,5.0000000001659824e-11
0.03586080586080587,4.887807617187434e-08
0.03505494505494511,-9.76061523437508e-08
0.03424908424908435,-4.8778076171878125e-08
0.03344322344322359,4.887807617187434e-08
0.03263736263736283,5.0000000001659824e-11
0.03183150183150185,5.0000000001659824e-11
0.031025641025641093,5.0000000001659824e-11
0.030219780219780334,-4.8778076171878125e-08
0.029413919413919576,-1.4643422851562348e-07
0.028608058608058595,-2.440903808593759e-07
0.027802197802197837,5.0000000001659824e-11
0.026996336996337078,-2.440903808593759e-07
0.02619047619047632,-1.4643422851562348e-07
0.02538461538461556,-1.9526230468750327e-07
0.02457875457875458,5.0000000001659824e-11
0.02377289377289382,-1.9526230468750327e-07
0.022967032967033063,-9.76061523437508e-08
0.022161172161172304,-1.9526230468750327e-07
0.021355311355311546,-4.8778076171878125e-08
0.020549450549450565,-9.76061523437508e-08
0.019743589743589807,-1.9526230468750327e-07
0.018937728937729048,-2.929184570312486e-07
0.01813186813186829,-2.440903808593759e-07
0.01732600732600731,-2.440903808593759e-07
0.01652014652014655,-1.4643422851562348e-07
0.01571428571428579,-3.417465332031284e-07
0.014908424908425033,-2.440903808593759e-07
0.014102564102564275,-3.905746093750011e-07
0.013296703296703294,-2.929184570312486e-07
0.012490842490842535,-3.417465332031284e-07
0.011684981684981777,-1.9526230468750327e-07
0.010879120879121018,-3.905746093750011e-07
0.01007326007326026,-2.440903808593759e-07
0.009267399267399279,-3.417465332031284e-07
0.00846153846153852,-1.9526230468750327e-07
0.007655677655677762,-2.440903808593759e-07
0.006849816849817003,-3.417465332031284e-07
0.0060439560439560225,-1.4643422851562348e-07
0.005238095238095264,-3.417465332031284e-07
0.004432234432234505,-3.417465332031284e-07
0.0036263736263737467,-9.27683447265629e-07
0.002820512820512988,-3.417465332031284e-07
0.0020146520146520075,-4.3940268554688087e-07
0.001208791208791249,-2.929184570312486e-07
0.0004029304029304903,-2.929184570312486e-07
-0.00040293040293026827,-3.417465332031284e-07
-0.0012087912087910269,-4.3940268554688087e-07
-0.0020146520146520075,-4.882307617187465e-07
-0.002820512820512766,-3.905746093750011e-07
-0.0036263736263735247,-2.929184570312486e-07
-0.004432234432234283,-4.882307617187465e-07
-0.005238095238095042,-3.905746093750011e-07
-0.0060439560439560225,-5.370588378906262e-07
-0.006849816849816781,-3.905746093750011e-07
-0.00765567765567754,-4.3940268554688087e-07
-0.008461538461538298,-4.3940268554688087e-07
-0.009267399267399279,-5.370588378906262e-07
-0.010073260073260037,-3.417465332031284e-07
-0.010879120879120796,-4.882307617187465e-07
-0.011684981684981555,-3.417465332031284e-07
-0.012490842490842313,-5.85886914062506e-07
-0.013296703296703294,-4.882307617187465e-07
-0.014102564102564052,-4.882307617187465e-07
-0.014908424908424811,-4.882307617187465e-07
-0.01571428571428557,-5.85886914062506e-07
-0.016520146520146328,-5.370588378906262e-07
-0.01732600732600731,-4.882307617187465e-07
-0.018131868131868067,-3.905746093750011e-07
-0.018937728937728826,-4.3940268554688087e-07
-0.019743589743589585,-4.882307617187465e-07
-0.020549450549450565,-6.835430664062513e-07
-0.021355311355311324,-5.370588378906262e-07
-0.022161172161172082,-6.835430664062513e-07
-0.02296703296703284,-5.370588378906262e-07
-0.0237728937728936,-5.370588378906262e-07
-0.02457875457875458,-5.370588378906262e-07
-0.02538461538461534,-7.32371142578124e-07
-0.026190476190476097,-5.85886914062506e-07
-0.026996336996336856,-6.835430664062513e-07
-0.027802197802197615,-4.882307617187465e-07
-0.028608058608058595,-6.835430664062513e-07
-0.029413919413919354,-6.347149902343716e-07
-0.030219780219780112,-5.85886914062506e-07
-0.03102564102564087,-1.0253395996093743e-06
-0.03183150183150185,-7.32371142578124e-07
-0.03263736263736261,-6.835430664062513e-07
-0.03344322344322337,-5.370588378906262e-07
-0.03424908424908413,-4.882307617187465e-07
-0.035054945054944886,-5.85886914062506e-07
-0.03586080586080587,-5.85886914062506e-07
-0.036666666666666625,-5.85886914062506e-07
-0.037472527472527384,-5.85886914062506e-07
-0.03827838827838814,-5.85886914062506e-07
-0.0390842490842489,-6.835430664062513e-07
-0.03989010989010988,-6.347149902343716e-07
-0.04069597069597064,-5.85886914062506e-07
-0.0415018315018314,-6.835430664062513e-07
-0.04230769230769216,-6.835430664062513e-07
-0.043113553113552916,-6.835430664062513e-07
-0.0439194139194139,-6.835430664062513e-07
-0.044725274725274655,-5.370588378906262e-07
-0.045531135531135414,-7.811992187500038e-07
-0.04633699633699617,-5.85886914062506e-07
-0.04714285714285715,-8.788553710937491e-07
-0.04794871794871791,-8.300272949218765e-07
-0.04875457875457867,-7.811992187500038e-07
-0.04956043956043943,-6.347149902343716e-07
-0.05036630036630019,-6.347149902343716e-07
-0.05117216117216117,-7.811992187500038e-07
-0.05197802197802193,-7.32371142578124e-07
-0.052783882783882685,-6.835430664062513e-07
-0.053589743589743444,-8.788553710937491e-07
-0.0543956043956042,-7.32371142578124e-07
-0.05520146520146518,-7.811992187500038e-07
-0.05600732600732594,-8.300272949218765e-07
-0.0568131868131867,-7.811992187500038e-07
-0.05761904761904746,-7.32371142578124e-07
-0.05842490842490844,-9.27683447265629e-07
-0.0592307692307692,-9.27683447265629e-07
-0.06003663003662996,-8.788553710937491e-07
-0.060842490842490715,-7.32371142578124e-07
-0.061648351648351474,-8.300272949218765e-07
-0.062454212454212454,-8.300272949218765e-07
-0.06326007326007321,-8.300272949218765e-07
-0.06406593406593397,-8.300272949218765e-07
-0.06487179487179473,-8.300272949218765e-07
-0.06567765567765549,-5.85886914062506e-07
-0.06648351648351647,-8.788553710937491e-07
-0.06728937728937723,-8.300272949218765e-07
-0.06809523809523799,-1.3183080566406317e-06
-0.06890109890109875,-8.300272949218765e-07
-0.06970695970695973,-7.811992187500038e-07
-0.07051282051282048,-8.300272949218765e-07
-0.07131868131868124,-9.27683447265629e-07
-0.072124542124542,-8.300272949218765e-07
-0.07293040293040276,-9.27683447265629e-07
-0.07373626373626374,-8.788553710937491e-07
-0.0745421245421245,-9.27683447265629e-07
-0.07534798534798526,-1.0253395996093743e-06
-0.07615384615384602,-9.765115234375017e-07
-0.07695970695970678,-8.788553710937491e-07
-0.07776556776556776,-8.300272949218765e-07
-0.07857142857142851,-9.765115234375017e-07
-0.07937728937728927,-1.0253395996093743e-06
-0.08018315018315003,-9.765115234375017e-07
-0.08098901098901101,-9.27683447265629e-07
-0.08179487179487177,-9.765115234375017e-07
-0.08260073260073253,-9.765115234375017e-07
-0.08340659340659329,-9.27683447265629e-07
-0.08421245421245405,-1.0253395996093743e-06
-0.08501831501831503,-1.0253395996093743e-06
-0.08582417582417579,-9.27683447265629e-07
-0.08663003663003654,-9.27683447265629e-07
-0.0874358974358973,-1.0253395996093743e-06
-0.08824175824175806,-8.788553710937491e-07
-0.08904761904761904,-9.27683447265629e-07
-0.0898534798534798,-1.0253395996093743e-06
-0.09065934065934056,-9.27683447265629e-07
-0.09146520146520132,-1.1718238281249994e-06
-0.09227106227106208,-1.0253395996093743e-06
-0.09307692307692306,-1.0253395996093743e-06
-0.09388278388278382,-1.074167675781254e-06
-0.09468864468864457,-1.0253395996093743e-06
-0.09549450549450533,-1.1229957519531268e-06
-0.09630036630036631,-1.074167675781254e-06
-0.09710622710622707,-9.765115234375017e-07
-0.09791208791208783,-1.0253395996093743e-06
-0.09871794871794859,-1.1718238281249994e-06
-0.09952380952380935,-1.074167675781254e-06
-0.10032967032967033,-1.074167675781254e-06
-0.09952380952380935,-1.1229957519531268e-06
-0.09871794871794859,-1.074167675781254e-06
-0.09791208791208783,-7.811992187500038e-07
-0.09710622710622707,-9.27683447265629e-07
-0.09630036630036631,-8.300272949218765e-07
-0.09549450549450533,-7.32371142578124e-07
-0.09468864468864457,-7.811992187500038e-07
-0.09388278388278382,-7.811992187500038e-07
-0.09307692307692306,-6.835430664062513e-07
-0.09227106227106208,-7.32371142578124e-07
-0.09146520146520132,-7.32371142578124e-07
-0.09065934065934056,-6.347149902343716e-07
-0.0898534798534798,-6.347149902343716e-07
-0.08904761904761904,-5.85886914062506e-07
-0.08824175824175806,-5.85886914062506e-07
-0.0874358974358973,-6.835430664062513e-07
-0.08663003663003654,-6.835430664062513e-07
-0.08582417582417579,-6.347149902343716e-07
-0.08501831501831503,-5.85886914062506e-07
-0.08421245421245405,-5.85886914062506e-07
-0.08340659340659329,-4.3940268554688087e-07
-0.08260073260073253,-4.882307617187465e-07
-0.08179487179487177,-6.347149902343716e-07
-0.08098901098901101,-4.882307617187465e-07
-0.08018315018315003,-4.3940268554688087e-07
-0.07937728937728927,-5.85886914062506e-07
-0.07857142857142851,-4.882307617187465e-07
-0.07776556776556776,-4.882307617187465e-07
-0.07695970695970678,-4.3940268554688087e-07
-0.07615384615384602,-3.417465332031284e-07
-0.07534798534798526,-4.882307617187465e-07
-0.0745421245421245,-5.370588378906262e-07
-0.07373626373626374,-3.417465332031284e-07
-0.07293040293040276,-2.929184570312486e-07
-0.072124542124542,-2.929184570312486e-07
-0.07131868131868124,-3.417465332031284e-07
-0.07051282051282048,-2.929184570312486e-07
-0.06970695970695973,-3.417465332031284e-07
-0.06890109890109875,-9.76061523437508e-08
-0.06809523809523799,-2.440903808593759e-07
-0.06728937728937723,-2.929184570312486e-07
-0.06648351648351647,-2.929184570312486e-07
-0.06567765567765549,-2.929184570312486e-07
-0.06487179487179473,-2.440903808593759e-07
-0.06406593406593397,-1.9526230468750327e-07
-0.06326007326007321,-1.4643422851562348e-07
-0.062454212454212454,-1.9526230468750327e-07
-0.061648351648351474,-4.3940268554688087e-07
-0.060842490842490715,-4.882307617187465e-07
-0.06003663003662996,-1.4643422851562348e-07
-0.0592307692307692,-1.9526230468750327e-07
-0.05842490842490844,-2.440903808593759e-07
-0.05761904761904746,-2.440903808593759e-07
-0.0568131868131867,-1.4643422851562348e-07
-0.05600732600732594,-2.440903808593759e-07
-0.05520146520146518,-2.929184570312486e-07
-0.0543956043956042,-1.9526230468750327e-07
-0.053589743589743444,-1.9526230468750327e-07
-0.052783882783882685,-1.9526230468750327e-07
-0.05197802197802193,-1.4643422851562348e-07
-0.05117216117216117,-9.76061523437508e-08
-0.05036630036630019,-1.4643422851562348e-07
-0.04956043956043943,-4.8778076171878125e-08
-0.04875457875457867,-4.8778076171878125e-08
-0.04794871794871791,-1.4643422851562348e-07
-0.04714285714285715,-1.4643422851562348e-07
-0.04633699633699617,-9.76061523437508e-08
-0.045531135531135414,5.0000000001659824e-11
-0.044725274725274655,-1.4643422851562348e-07
-0.0439194139194139,4.887807617187434e-08
-0.043113553113552916,5.0000000001659824e-11
-0.04230769230769216,-1.9526230468750327e-07
-0.0415018315018314,-9.76061523437508e-08
-0.04069597069597064,5.0000000001659824e-11
-0.03989010989010988,-4.8778076171878125e-08
-0.0390842490842489,-9.76061523437508e-08
-0.03827838827838814,5.0000000001659824e-11
-0.037472527472527384,4.887807617187434e-08
-0.036666666666666625,-9.76061523437508e-08
-0.03586080586080587,5.0000000001659824e-11
-0.035054945054944886,-9.76061523437508e-08
-0.03424908424908413,5.0000000001659824e-11
-0.03344322344322337,-4.8778076171878125e-08
-0.03263736263736261,4.887807617187434e-08
-0.03183150183150185,-4.8778076171878125e-08
-0.03102564102564087,9.770615234374701e-08
-0.030219780219780112,1.465342285156197e-07
-0.029413919413919354,4.887807617187434e-08
-0.028608058608058595,2.9301845703124485e-07
-0.027802197802197615,-4.8778076171878125e-08
-0.026996336996336856,1.465342285156197e-07
-0.026190476190476097,1.9536230468749947e-07
-0.02538461538461534,9.770615234374701e-08
-0.02457875457875458,9.770615234374701e-08
-0.0237728937728936,5.0000000001659824e-11
-0.02296703296703284,4.887807617187434e-08
-0.022161172161172082,9.770615234374701e-08
-0.021355311355311324,1.9536230468749947e-07
-0.020549450549450565,1.465342285156197e-07
-0.019743589743589585,9.770615234374701e-08
-0.018937728937728826,-4.8778076171878125e-08
-0.018131868131868067,1.9536230468749947e-07
-0.01732600732600731,4.887807617187434e-08
-0.016520146520146328,1.465342285156197e-07
-0.01571428571428557,1.465342285156197e-07
-0.014908424908424811,4.887807617187434e-08
-0.014102564102564052,1.9536230468749947e-07
-0.013296703296703294,1.9536230468749947e-07
-0.012490842490842313,9.770615234374701e-08
-0.011684981684981555,2.4419038085937927e-07
-0.010879120879120796,2.9301845703124485e-07
-0.010073260073260037,2.9301845703124485e-07
-0.009267399267399279,3.906746093749973e-07
-0.008461538461538298,2.9301845703124485e-07
-0.00765567765567754,4.887807617187434e-08
-0.006849816849816781,1.9536230468749947e-07
-0.0060439560439560225,9.770615234374701e-08
-0.005238095238095042,2.9301845703124485e-07
-0.004432234432234283,1.9536230468749947e-07
