# Params: min_volt -0.1 max_volt 0.2 start_volt 0.0 scan_rate 0.05 direction down num_cycles 2
Stimulation voltage (V),Measured current(A)
-0.00040293040293026827,2.148485351562499e-06
0.0004029304029304903,1.7578607421874963e-06
0.001208791208791249,-9.27683447265629e-07
0.0020146520146520075,4.883307617187497e-07
0.002820512820512988,2.099657275390619e-06
0.0036263736263737467,2.685594189453127e-06
0.004432234432234505,1.806688818359376e-06
0.005238095238095264,-9.76061523437508e-08
0.0060439560439560225,5.859869140625022e-07
0.006849816849817003,2.1973134277343786e-06
0.007655677655677762,2.5391099609375017e-06
0.00846153846153852,-4.394476855468745e-06
0.009267399267399279,-8.300272949218765e-07
0.01007326007326026,2.490281884765622e-06
0.010879120879121018,4.1504364746093784e-06
0.011684981684981777,-1.5136203613281296e-06
0.012490842490842535,-1.4643422851562348e-07
0.013296703296703294,-1.611276513671875e-06
0.014102564102564275,1.806688818359376e-06
0.014908424908425033,1.5625484374999984e-06
0.01571428571428579,2.148485351562499e-06
0.01652014652014655,-1.9042449707031252e-06
0.01732600732600731,5.0000000001659824e-11
0.01813186813186829,1.5137203613281258e-06
0.018937728937729048,2.343797656249997e-06
0.019743589743589807,9.766115234374979e-07
0.020549450549450565,-1.4647922851562498e-06
0.021355311355311546,-3.417465332031284e-07
0.022161172161172304,4.541061083984374e-06
0.022967032967033063,1.6113765136718712e-06
0.02377289377289382,-8.788553710937491e-07
0.02457875457875458,-1.1718238281249994e-06
0.02538461538461556,-4.8778076171878125e-08
0.02619047619047632,-5.85886914062506e-07
0.026996336996337078,2.7344222656249996e-06
0.027802197802197837,1.0742676757812502e-06
0.028608058608058595,-1.8065888183593799e-06
0.029413919413919576,3.4180153320312524e-06
0.030219780219780334,3.4180153320312524e-06
0.031025641025641093,2.5879380371093745e-06
0.03183150183150185,-2.5390099609375057e-06
0.03263736263736283,4.887807617187434e-08
0.03344322344322359,1.3672361328124935e-06
0.03424908424908435,3.662155712890623e-06
0.03505494505494511,1.5625484374999984e-06
0.03586080586080587,1.7578607421874963e-06
0.03666666666666685,1.9536230468749947e-07
0.037472527472527606,1.660204589843751e-06
0.038278388278388364,2.343797656249997e-06
0.03908424908424912,2.8809064941406247e-06
0.03989010989010988,-2.587838037109378e-06
0.04069597069597086,-3.417465332031284e-07
0.04150183150183162,2.343797656249997e-06
0.04230769230769238,5.224654150390627e-06
0.04311355311355314,-1.953073046874998e-06
0.0439194139194139,-6.835430664062513e-07
0.04472527472527488,-1.1229957519531268e-06
0.045531135531135636,3.173874951171875e-06
0.046336996336996394,2.0508291992187463e-06
0.04714285714285715,3.1250468749999954e-06
0.047948717948718134,-1.415964208984377e-06
0.04875457875457889,2.9301845703124485e-07
0.04956043956043965,7.324711425781274e-07
0.05036630036630041,2.685594189453127e-06
0.05117216117216117,1.2207519042968756e-06
0.05197802197802215,-7.32371142578124e-07
0.05278388278388291,9.770615234374701e-08
0.053589743589743666,6.543012207031246e-06
0.054395604395604424,2.3926257324218765e-06
0.05520146520146518,-7.32371142578124e-07
0.056007326007326164,-8.300272949218765e-07
0.05681318681318692,1.3672361328124935e-06
0.05761904761904768,7.324711425781274e-07
0.05842490842490844,3.1250468749999954e-06
0.05923076923076942,1.0742676757812502e-06
0.06003663003663018,-6.347149902343716e-07
0.06084249084249094,2.2461415039062442e-06
0.061648351648351696,4.199264550781244e-06
0.062454212454212454,2.7832503417968724e-06
0.06326007326007344,-1.415964208984377e-06
0.0640659340659342,4.3950268554687707e-07
0.06487179487179495,1.4160642089843733e-06
0.06567765567765571,4.296920703124996e-06
0.06648351648351647,2.0508291992187463e-06
0.06728937728937745,5.371588378906224e-07
0.06809523809523821,5.0000000001659824e-11
0.06890109890109897,2.5879380371093745e-06
0.06970695970695973,3.515671484374998e-06
0.0705128205128207,2.9297345703125047e-06
0.07131868131868146,4.3950268554687707e-07
0.07212454212454222,5.0000000001659824e-11
0.07293040293040298,2.2461415039062442e-06
0.07373626373626374,5.322310302734373e-06
0.07454212454212472,-3.1737749511718718e-06
0.07534798534798548,-9.27683447265629e-07
0.07615384615384624,9.770615234374701e-08
0.076959706959707,5.322310302734373e-06
0.07776556776556776,1.953173046875001e-06
0.07857142857142874,1.5625484374999984e-06
0.0793772893772895,-8.300272949218765e-07
0.08018315018315025,6.836430664062475e-07
0.08098901098901101,3.418465332031246e-07
0.08179487179487199,3.8086399414062482e-06
0.08260073260073275,1.3672361328124935e-06
0.08340659340659351,-3.905746093750011e-07
0.08421245421245427,-4.882307617187465e-07
0.08501831501831503,7.226605273437499e-06
0.08582417582417601,2.7344222656249996e-06
0.08663003663003677,-2.440903808593759e-07
0.08743589743589752,-1.4647922851562498e-06
0.08824175824175828,3.0762187988281226e-06
0.08904761904761904,1.8555168945312486e-06
0.08985347985348002,3.710983789062496e-06
0.09065934065934078,1.2695799804687481e-06
0.09146520146520154,1.465342285156197e-07
0.0922710622710623,8.301272949218728e-07
0.09307692307692306,5.224654150390627e-06
0.09388278388278404,2.8320784179687447e-06
0.0946886446886448,-3.905746093750011e-07
0.09549450549450555,2.9301845703124485e-07
0.09630036630036631,1.953173046875001e-06
0.0971062271062273,4.8340295410156245e-06
0.09791208791208805,2.9785626464843703e-06
0.09871794871794881,5.0000000001659824e-11
0.09952380952380957,5.859869140625022e-07
0.10032967032967033,3.662155712890623e-06
0.10113553113553131,3.8574680175781206e-06
0.10194139194139207,3.02739072265625e-06
0.10274725274725283,1.2695799804687481e-06
0.10355311355311358,9.770615234374701e-08
0.10435897435897434,2.343797656249997e-06
0.10516483516483532,5.5176226074218705e-06
0.10597069597069608,-2.1972134277343755e-06
0.10677655677655684,-6.347149902343716e-07
0.1075824175824176,1.9536230468749947e-07
0.10838827838827858,6.250043749999996e-06
0.10919413919413934,3.1250468749999954e-06
0.1100000000000001,1.9043449707031214e-06
0.11080586080586086,-6.835430664062513e-07
0.11161172161172161,1.0742676757812502e-06
0.1124175824175826,8.301272949218728e-07
0.11322344322344335,3.0762187988281226e-06
0.11402930402930411,1.4160642089843733e-06
0.11483516483516487,-4.8778076171878125e-08
0.11564102564102563,4.887807617187434e-08
0.11644688644688661,7.080121044921874e-06
0.11725274725274737,3.369187255859373e-06
0.11805860805860813,2.4419038085937927e-07
0.11886446886446889,-1.8065888183593799e-06
0.11967032967032987,4.638717236328127e-06
0.12047619047619063,3.1250468749999954e-06
0.12128205128205138,4.296920703124996e-06
0.12208791208791214,2.9301845703124485e-07
0.1228937728937729,1.1719238281249956e-06
0.12369963369963388,2.4419038085937927e-07
0.12450549450549464,4.980513769531249e-06
0.1253113553113554,3.2715311035156273e-06
0.12611721611721616,1.0742676757812502e-06
0.12692307692307692,3.906746093749973e-07
0.1277289377289379,2.2461415039062442e-06
0.12853479853479866,4.0527803222656185e-06
0.12934065934065941,4.003952246093753e-06
0.13014652014652017,-3.320259179687497e-06
0.13095238095238093,3.418465332031246e-07
0.1317582417582419,4.199264550781244e-06
0.13256410256410267,4.980513769531249e-06
0.13336996336996343,2.9785626464843703e-06
0.1341758241758242,3.515671484374998e-06
0.13498168498168517,4.3950268554687707e-07
0.13578754578754593,2.148485351562499e-06
0.13659340659340669,5.468794531249997e-06
0.13739926739926744,-9.765115234375017e-07
0.1382051282051282,-9.27683447265629e-07
0.13901098901098918,1.465342285156197e-07
0.13981684981684994,6.298871826171876e-06
0.1406227106227107,3.173874951171875e-06
0.14142857142857146,2.0508291992187463e-06
0.14223443223443222,-8.788553710937491e-07
0.1430402930402932,1.318408056640628e-06
0.14384615384615396,1.1719238281249956e-06
0.14465201465201472,2.9785626464843703e-06
0.14545787545787547,1.5625484374999984e-06
0.14626373626373645,-4.8778076171878125e-08
0.1470695970695972,4.887807617187434e-08
0.14787545787545797,6.8848087402343694e-06
0.14868131868131873,3.5644995605468707e-06
0.1494871794871795,5.859869140625022e-07
0.15029304029304047,-2.0019011230468776e-06
0.15109890109890123,5.322310302734373e-06
0.151904761904762,3.515671484374998e-06
0.15271062271062275,4.296920703124996e-06
0.1535164835164835,3.418465332031246e-07
0.15432234432234448,1.5137203613281258e-06
0.15512820512820524,-9.76061523437508e-08
0.155934065934066,5.0781699218750015e-06
0.15673992673992676,3.5644995605468707e-06
0.15754578754578774,1.953173046875001e-06
0.1583516483516485,5.859869140625022e-07
0.15915750915750926,2.3926257324218765e-06
0.15996336996337002,4.248092626953124e-06
0.16076923076923078,4.1016083984374985e-06
0.16157509157509176,-2.587838037109378e-06
0.16238095238095251,9.277834472656252e-07
0.16318681318681327,4.296920703124996e-06
0.16399267399267403,4.7852014648437445e-06
0.1647985347985348,2.343797656249997e-06
0.16560439560439577,4.003952246093753e-06
0.16641025641025653,5.859869140625022e-07
0.1672161172161173,1.5625484374999984e-06
0.16802197802197805,5.029341845703122e-06
0.1688278388278388,-6.347149902343716e-07
0.16963369963369979,-5.85886914062506e-07
0.17043956043956054,3.906746093749973e-07
0.1712454212454213,6.4453560546875e-06
0.17205128205128206,3.2227030273437477e-06
0.17285714285714304,2.2461415039062442e-06
0.1736630036630038,-3.905746093750011e-07
0.17446886446886456,1.9043449707031214e-06
0.17527472527472532,1.1719238281249956e-06
0.17608058608058608,3.320359179687493e-06
0.17688644688644706,2.1973134277343786e-06
0.17769230769230782,1.465342285156197e-07
0.17849816849816857,4.887807617187434e-08
0.17930402930402933,8.007854492187497e-06
0.1801098901098901,3.7598118652343754e-06
0.18091575091575107,2.9301845703124485e-07
0.18172161172161183,-8.788553710937491e-07
0.1825274725274726,3.173874951171875e-06
0.18333333333333335,2.6367661132812472e-06
0.18413919413919433,4.443404931640621e-06
0.1849450549450551,1.806688818359376e-06
0.18575091575091585,1.464892285156253e-06
0.1865567765567766,9.277834472656252e-07
0.18736263736263736,5.859419140625e-06
0.18816849816849834,3.515671484374998e-06
0.1889743589743591,5.371588378906224e-07
0.18978021978021986,6.348149902343678e-07
0.19058608058608062,2.4414538085937493e-06
0.19139194139194138,5.322310302734373e-06
0.19219780219780236,4.248092626953124e-06
0.19300366300366312,-4.8778076171878125e-08
0.19380952380952388,9.766115234374979e-07
0.19461538461538463,4.296920703124996e-06
0.19542124542124562,4.345748779296876e-06
0.19622710622710637,3.7598118652343754e-06
0.19703296703296713,2.2461415039062442e-06
0.1978388278388279,1.0254395996093705e-06
0.19864468864468865,2.8809064941406247e-06
0.19945054945054963,6.494184130859374e-06
0.2002564102564104,-1.4647922851562498e-06
0.19945054945054963,4.887807617187434e-08
0.19864468864468865,3.418465332031246e-07
0.1978388278388279,6.054731445312498e-06
0.19703296703296713,3.1250468749999954e-06
0.19622710622710637,2.294969580078124e-06
0.19542124542124562,-3.417465332031284e-07
0.19461538461538463,1.660204589843751e-06
0.19380952380952388,1.2207519042968756e-06
0.19300366300366312,3.2715311035156273e-06
0.19219780219780236,2.1973134277343786e-06
0.19139194139194138,9.770615234374701e-08
0.19058608058608062,-4.8778076171878125e-08
0.18978021978021986,7.568401806640629e-06
0.1889743589743591,3.4180153320312524e-06
0.18816849816849834,1.9536230468749947e-07
0.18736263736263736,-1.2206519042968722e-06
0.1865567765567766,2.002001123046874e-06
0.18575091575091585,1.0742676757812502e-06
0.1849450549450551,3.662155712890623e-06
0.18413919413919433,2.1973134277343786e-06
0.18333333333333335,-4.882307617187465e-07
0.1825274725274726,4.1504364746093784e-06
0.18172161172161183,5.126997998046875e-06
0.18091575091575107,3.662155712890623e-06
0.1801098901098901,-1.9042449707031252e-06
0.17930402930402933,5.859869140625022e-07
0.17849816849816857,2.294969580078124e-06
0.17769230769230782,4.394576855468749e-06
0.17688644688644706,2.490281884765622e-06
0.17608058608058608,2.6367661132812472e-06
0.17527472527472532,7.812992187500001e-07
0.17446886446886456,2.2461415039062442e-06
0.1736630036630038,3.02739072265625e-06
0.17285714285714304,4.1016083984374985e-06
0.17205128205128206,-2.1483853515625027e-06
0.1712454212454213,9.770615234374701e-08
0.17043956043956054,2.7832503417968724e-06
0.16963369963369979,6.005903369140618e-06
0.1688278388278388,-1.1229957519531268e-06
0.16802197802197805,-1.9526230468750327e-07
0.1672161172161173,-1.1229957519531268e-06
0.16641025641025653,3.5644995605468707e-06
0.16560439560439577,2.148485351562499e-06
0.1647985347985348,3.4180153320312524e-06
0.16399267399267403,-1.415964208984377e-06
0.16318681318681327,1.2207519042968756e-06
0.16238095238095251,2.002001123046874e-06
0.16157509157509176,2.9785626464843703e-06
0.16076923076923078,1.318408056640628e-06
0.15996336996337002,-2.440903808593759e-07
0.15915750915750926,-1.0253395996093743e-06
0.1583516483516485,5.273482226562493e-06
0.15754578754578774,2.5391099609375017e-06
0.15673992673992676,-4.3940268554688087e-07
0.155934065934066,-1.074167675781254e-06
0.15512820512820524,3.418465332031246e-07
0.15432234432234448,-9.76061523437508e-08
0.1535164835164835,3.6133276367187503e-06
0.15271062271062275,1.7090326660156235e-06
0.151904761904762,-2.0019011230468776e-06
0.15109890109890123,4.199264550781244e-06
0.15029304029304047,4.199264550781244e-06
0.1494871794871795,2.8809064941406247e-06
0.14868131868131873,-2.441353808593746e-06
0.14787545787545797,6.348149902343678e-07
0.1470695970695972,1.464892285156253e-06
0.14626373626373645,3.662155712890623e-06
0.14545787545787547,1.953173046875001e-06
0.14465201465201472,2.294969580078124e-06
0.14384615384615396,2.9301845703124485e-07
0.1430402930402932,1.660204589843751e-06
0.14223443223443222,2.8809064941406247e-06
0.14142857142857146,3.710983789062496e-06
0.1406227106227107,-3.906196093749997e-06
0.13981684981684994,-5.370588378906262e-07
0.13901098901098918,2.9785626464843703e-06
0.1382051282051282,5.224654150390627e-06
0.13739926739926744,-6.835430664062513e-07
0.13659340659340669,3.906746093749973e-07
0.13578754578754593,-7.811992187500038e-07
0.13498168498168517,2.2461415039062442e-06
0.1341758241758242,1.7578607421874963e-06
0.13336996336996343,2.5391099609375017e-06
0.13256410256410267,-1.5624484375000022e-06
0.1317582417582419,-4.8778076171878125e-08
0.13095238095238093,2.6367661132812472e-06
0.13014652014652017,2.3926257324218765e-06
0.12934065934065941,1.123095751953123e-06
0.12853479853479866,-1.5624484375000022e-06
0.1277289377289379,-9.76061523437508e-08
0.12692307692307692,2.7344222656249996e-06
0.12611721611721616,2.4414538085937493e-06
0.1253113553113554,-2.929184570312486e-07
0.12450549450549464,-5.370588378906262e-07
0.12369963369963388,-8.300272949218765e-07
0.1228937728937729,2.294969580078124e-06
0.12208791208791214,2.2461415039062442e-06
0.12128205128205138,3.906746093749973e-07
0.12047619047619063,-3.4179153320312492e-06
0.11967032967032987,4.541061083984374e-06
0.11886446886446889,3.2715311035156273e-06
0.11805860805860813,3.0762187988281226e-06
0.11725274725274737,-1.5136203613281296e-06
0.11644688644688661,4.883307617187497e-07
0.11564102564102563,-7.32371142578124e-07
0.11483516483516487,3.710983789062496e-06
0.11402930402930411,1.806688818359376e-06
0.11322344322344335,9.766115234374979e-07
0.1124175824175826,-3.905746093750011e-07
0.11161172161172161,6.348149902343678e-07
0.11080586080586086,3.02739072265625e-06
0.1100000000000001,2.1973134277343786e-06
0.10919413919413934,-3.5643995605468743e-06
0.10838827838827858,-3.417465332031284e-07
0.1075824175824176,2.8320784179687447e-06
0.10677655677655684,3.369187255859373e-06
0.10597069597069608,1.1719238281249956e-06
0.10516483516483532,2.490281884765622e-06
0.10435897435897434,-1.1229957519531268e-06
0.10355311355311358,6.348149902343678e-07
0.10274725274725283,3.2227030273437477e-06
0.10194139194139207,-1.3671361328124973e-06
0.10113553113553131,-1.8554168945312524e-06
0.10032967032967033,-8.788553710937491e-07
0.09952380952380957,4.248092626953124e-06
0.09871794871794881,1.953173046875001e-06
0.09791208791208805,6.348149902343678e-07
0.0971062271062273,-2.0019011230468776e-06
0.09630036630036631,4.887807617187434e-08
0.09549450549450555,4.883307617187497e-07
0.0946886446886448,1.953173046875001e-06
0.09388278388278404,-1.4643422851562348e-07
0.09307692307692306,-1.1718238281249994e-06
0.0922710622710623,-1.2206519042968722e-06
0.09146520146520154,3.9062960937500006e-06
0.09065934065934078,1.660204589843751e-06
0.08985347985348002,-2.929184570312486e-07
0.08904761904761904,-3.2226030273437513e-06
0.08824175824175828,3.955124169921874e-06
0.08743589743589752,2.3926257324218765e-06
0.08663003663003677,2.685594189453127e-06
0.08582417582417601,-1.8554168945312524e-06
0.08501831501831503,-9.76061523437508e-08
0.08421245421245427,-1.2206519042968722e-06
0.08340659340659351,3.7598118652343754e-06
0.08260073260073275,1.5137203613281258e-06
0.08179487179487199,5.859869140625022e-07
0.08098901098901101,-8.788553710937491e-07
0.08018315018315025,5.371588378906224e-07
0.0793772893772895,2.7344222656249996e-06
0.07857142857142874,2.1973134277343786e-06
0.07776556776556776,-4.199164550781255e-06
0.076959706959707,-7.811992187500038e-07
0.07615384615384624,2.7832503417968724e-06
0.07534798534798548,3.466843408203125e-06
0.07454212454212472,8.301272949218728e-07
0.07373626373626374,1.6113765136718712e-06
0.07293040293040298,-1.1718238281249994e-06
0.07212454212454222,3.906746093749973e-07
0.07131868131868146,2.8809064941406247e-06
0.0705128205128207,-1.953073046874998e-06
0.06970695970695973,-2.4901818847656257e-06
0.06890109890109897,-1.1229957519531268e-06
0.06809523809523821,4.199264550781244e-06
0.06728937728937745,1.3672361328124935e-06
0.06648351648351647,-1.4643422851562348e-07
0.06567765567765571,-2.1483853515625027e-06
0.06487179487179495,1.465342285156197e-07
0.0640659340659342,-2.929184570312486e-07
0.06326007326007344,1.123095751953123e-06
0.062454212454212454,-9.76061523437508e-08
0.061648351648351696,-1.5624484375000022e-06
0.06084249084249094,-1.611276513671875e-06
0.06003663003663018,5.224654150390627e-06
0.05923076923076942,1.9043449707031214e-06
0.05842490842490844,-1.3183080566406317e-06
0.05761904761904768,-3.124946875000006e-06
0.05681318681318692,2.148485351562499e-06
0.056007326007326164,1.123095751953123e-06
0.05520146520146518,2.3926257324218765e-06
0.054395604395604424,-8.300272949218765e-07
0.053589743589743666,-1.0253395996093743e-06
0.05278388278388291,-6.835430664062513e-07
0.05197802197802215,3.710983789062496e-06
0.05117216117216117,1.2695799804687481e-06
0.05036630036630041,-1.3183080566406317e-06
0.04956043956043965,-9.27683447265629e-07
0.04875457875457889,7.812992187500001e-07
0.047948717948718134,1.806688818359376e-06
0.04714285714285715,1.0742676757812502e-06
0.046336996336996394,-1.1718238281249994e-06
0.045531135531135636,-1.2206519042968722e-06
0.04472527472527488,1.4160642089843733e-06
0.0439194139194139,2.1973134277343786e-06
0.04311355311355314,1.9043449707031214e-06
0.04230769230769238,-2.3436976562500006e-06
0.04150183150183162,-1.415964208984377e-06
0.04069597069597086,1.464892285156253e-06
0.03989010989010988,4.199264550781244e-06
0.03908424908424912,-3.6620557128906267e-06
0.038278388278388364,-1.7577607421875e-06
0.037472527472527606,-1.953073046874998e-06
0.03666666666666685,2.6367661132812472e-06
0.03586080586080587,1.2695799804687481e-06
0.03505494505494511,1.953173046875001e-06
0.03424908424908435,-2.978462646484374e-06
0.03344322344322359,-8.300272949218765e-07
0.03263736263736283,3.418465332031246e-07
0.03183150183150185,1.464892285156253e-06
0.031025641025641093,-2.929184570312486e-07
0.030219780219780334,-1.8065888183593799e-06
0.029413919413919576,-1.4647922851562498e-06
0.028608058608058595,4.7852014648437445e-06
0.027802197802197837,1.806688818359376e-06
0.026996336996337078,-2.0507291992187575e-06
0.02619047619047632,-3.1737749511718718e-06
0.02538461538461556,-5.370588378906262e-07
0.02457875457875458,-9.765115234375017e-07
0.02377289377289382,1.953173046875001e-06
0.022967032967033063,-1.9526230468750327e-07
0.022161172161172304,-2.3925257324218806e-06
0.021355311355311546,2.9785626464843703e-06
0.020549450549450565,3.02739072265625e-06
0.019743589743589807,1.318408056640628e-06
0.018937728937729048,-3.6132276367187543e-06
0.01813186813186829,-1.1229957519531268e-06
0.01732600732600731,1.465342285156197e-07
0.01652014652014655,2.5391099609375017e-06
0.01571428571428579,8.789553710937454e-07
0.014908424908425033,2.9301845703124485e-07
0.014102564102564275,-1.074167675781254e-06
0.013296703296703294,9.277834472656252e-07
0.012490842490842535,2.099657275390619e-06
0.011684981684981777,1.318408056640628e-06
0.010879120879121018,-5.517522607421874e-06
0.01007326007326026,-1.3671361328124973e-06
0.009267399267399279,1.6113765136718712e-06
0.00846153846153852,3.8086399414062482e-06
0.007655677655677762,-3.076118798828126e-06
0.006849816849817003,-1.9042449707031252e-06
0.0060439560439560225,-2.3925257324218806e-06
0.005238095238095264,1.7090326660156235e-06
0.004432234432234505,7.812992187500001e-07
0.0036263736263737467,1.3672361328124935e-06
0.002820512820512988,-3.320259179687497e-06
0.0020146520146520075,-9.765115234375017e-07
0.001208791208791249,8.789553710937454e-07
0.0004029304029304903,1.3672361328124935e-06
-0.00040293040293026827,-5.370588378906262e-07
-0.0012087912087910269,-2.636666113281251e-06
-0.0020146520146520075,-1.5136203613281296e-06
-0.002820512820512766,3.515671484374998e-06
-0.0036263736263735247,1.0742676757812502e-06
-0.004432234432234283,-2.294869580078128e-06
-0.005238095238095042,-2.4901818847656257e-06
-0.0060439560439560225,-1.3183080566406317e-06
-0.006849816849816781,-4.882307617187465e-07
-0.00765567765567754,1.464892285156253e-06
-0.008461538461538298,-7.811992187500038e-07
-0.009267399267399279,-3.955024169921877e-06
-0.010073260073260037,3.2227030273437477e-06
-0.010879120879120796,2.6367661132812472e-06
-0.011684981684981555,1.3672361328124935e-06
-0.012490842490842313,-4.394476855468745e-06
-0.013296703296703294,-9.27683447265629e-07
-0.014102564102564052,9.770615234374701e-08
-0.014908424908424811,2.1973134277343786e-06
-0.01571428571428557,4.3950268554687707e-07
-0.016520146520146328,1.465342285156197e-07
-0.01732600732600731,-1.953073046874998e-06
-0.018131868131868067,4.883307617187497e-07
-0.018937728937728826,1.6113765136718712e-06
-0.019743589743589585,1.464892285156253e-06
-0.020549450549450565,-5.615178759765626e-06
-0.021355311355311324,-1.7577607421875e-06
-0.022161172161172082,1.2695799804687481e-06
-0.02296703296703284,3.6133276367187503e-06
-0.0237728937728936,-3.1737749511718718e-06
-0.02457875457875458,-1.9042449707031252e-06
-0.02538461538461534,-2.734322265625003e-06
-0.026190476190476097,3.906746093749973e-07
-0.026996336996336856,3.906746093749973e-07
-0.027802197802197615,7.812992187500001e-07
-0.028608058608058595,-3.5155714843750016e-06
-0.029413919413919354,-1.5136203613281296e-06
-0.030219780219780112,1.1719238281249956e-06
-0.03102564102564087,1.2207519042968756e-06
-0.03183150183150185,-9.27683447265629e-07
-0.03263736263736261,-3.4179153320312492e-06
-0.03344322344322337,-1.1229957519531268e-06
-0.03424908424908413,2.343797656249997e-06
-0.035054945054944886,6.348149902343678e-07
-0.03586080586080587,-2.3925257324218806e-06
-0.036666666666666625,-2.587838037109378e-06
-0.037472527472527384,-1.415964208984377e-06
-0.03827838827838814,3.418465332031246e-07
-0.0390842490842489,1.318408056640628e-06
-0.03989010989010988,-1.3671361328124973e-06
-0.04069597069597064,-4.540961083984377e-06
-0.0415018315018314,2.8320784179687447e-06
-0.04230769230769216,2.148485351562499e-06
-0.043113553113552916,7.812992187500001e-07
-0.0439194139194139,-4.492133007812505e-06
-0.044725274725274655,-1.5136203613281296e-06
-0.045531135531135414,-4.882307617187465e-07
-0.04633699633699617,2.3926257324218765e-06
-0.04714285714285715,-4.3940268554688087e-07
-0.04794871794871791,-4.3940268554688087e-07
-0.04875457875457867,-2.0019011230468776e-06
-0.04956043956043943,-4.8778076171878125e-08
-0.05036630036630019,9.766115234374979e-07
-0.05117216117216117,5.859869140625022e-07
-0.05197802197802193,-5.761662988281252e-06
-0.052783882783882685,-2.0507291992187575e-06
-0.053589743589743444,1.318408056640628e-06
-0.0543956043956042,3.0762187988281226e-06
-0.05520146520146518,-2.3925257324218806e-06
-0.05600732600732594,-1.8065888183593799e-06
-0.0568131868131867,-2.978462646484374e-06
-0.05761904761904746,6.348149902343678e-07
-0.05842490842490844,3.418465332031246e-07
-0.0592307692307692,-1.4643422851562348e-07
-0.06003663003662996,-4.1015083984375025e-06
-0.060842490842490715,-1.3183080566406317e-06
-0.061648351648351474,1.464892285156253e-06
-0.062454212454212454,4.3950268554687707e-07
-0.06326007326007321,-2.2460415039062482e-06
-0.06406593406593397,-3.5643995605468743e-06
-0.06487179487179473,-1.8554168945312524e-06
-0.06567765567765549,1.6113765136718712e-06
-0.06648351648351647,3.906746093749973e-07
-0.06728937728937723,-2.6854941894531236e-06
-0.06809523809523799,-3.124946875000006e-06
-0.06890109890109875,-1.953073046874998e-06
-0.06970695970695973,-1.4643422851562348e-07
-0.07051282051282048,8.301272949218728e-07
-0.07131868131868124,-1.611276513671875e-06
-0.072124542124542,-4.589789160156251e-06
-0.07293040293040276,2.9785626464843703e-06
-0.07373626373626374,1.5625484374999984e-06
-0.0745421245421245,8.301272949218728e-07
-0.07534798534798526,-4.540961083984377e-06
-0.07615384615384602,-1.5136203613281296e-06
-0.07695970695970678,-1.4647922851562498e-06
-0.07776556776556776,1.7090326660156235e-06
-0.07857142857142851,-2.440903808593759e-07
-0.07937728937728927,-7.32371142578124e-07
-0.08018315018315003,-2.587838037109378e-06
-0.08098901098901101,-3.905746093750011e-07
-0.08179487179487177,1.0254395996093705e-06
-0.08260073260073253,6.348149902343678e-07
-0.08340659340659329,-6.591740283203122e-06
-0.08421245421245405,-2.294869580078128e-06
-0.08501831501831503,1.318408056640628e-06
-0.08582417582417579,2.099657275390619e-06
-0.08663003663003654,-1.953073046874998e-06
-0.0874358974358973,-1.1229957519531268e-06
-0.08824175824175806,-3.027290722656254e-06
-0.08904761904761904,-3.905746093750011e-07
-0.0898534798534798,4.3950268554687707e-07
-0.09065934065934056,-2.3925257324218806e-06
-0.09146520146520132,-4.394476855468745e-06
-0.09227106227106208,-1.9042449707031252e-06
-0.09307692307692306,2.002001123046874e-06
-0.09388278388278382,-1.4643422851562348e-07
-0.09468864468864457,-1.5624484375000022e-06
-0.09549450549450533,-3.906196093749997e-06
-0.09630036630036631,-1.7577607421875e-06
-0.09710622710622707,-5.85886914062506e-07
-0.09791208791208783,-4.8778076171878125e-08
-0.09871794871794859,-2.4901818847656257e-06
-0.09952380952380935,-2.978462646484374e-06
-0.10032967032967033,-3.466743408203129e-06
-0.09952380952380935,2.4414538085937493e-06
-0.09871794871794859,4.883307617187497e-07
-0.09791208791208783,-2.5390099609375057e-06
-0.09710622710622707,-5.126897998046871e-06
-0.09630036630036631,2.5391099609375017e-06
-0.09549450549450533,1.0742676757812502e-06
-0.09468864468864457,9.277834472656252e-07
-0.09388278388278382,-2.8808064941406283e-06
-0.09307692307692306,-1.1229957519531268e-06
-0.09227106227106208,-1.8065888183593799e-06
-0.09146520146520132,2.8809064941406247e-06
-0.09065934065934056,-4.8778076171878125e-08
-0.0898534798534798,-1.953073046874998e-06
-0.08904761904761904,-2.1972134277343755e-06
-0.08824175824175806,5.0000000001659824e-11
-0.0874358974358973,1.806688818359376e-06
-0.08663003663003654,4.3950268554687707e-07
-0.08582417582417579,-3.4179153320312492e-06
-0.08501831501831503,-1.7577607421875e-06
-0.08421245421245405,1.5137203613281258e-06
-0.08340659340659329,1.806688818359376e-06
-0.08260073260073253,4.3950268554687707e-07
-0.08179487179487177,-1.8554168945312524e-06
-0.08098901098901101,-1.8065888183593799e-06
-0.08018315018315003,5.859869140625022e-07
-0.07937728937728927,3.466843408203125e-06
-0.07857142857142851,-3.7108837890624995e-06
-0.07776556776556776,-2.8319784179687487e-06
-0.07695970695970678,-1.953073046874998e-06
-0.07615384615384602,3.2227030273437477e-06
-0.07534798534798526,5.859869140625022e-07
-0.0745421245421245,1.9536230468749947e-07
-0.07373626373626374,-2.929634570312501e-06
-0.07293040293040276,-4.882307617187465e-07
-0.072124542124542,-4.3940268554688087e-07
-0.07131868131868124,1.3672361328124935e-06
-0.07051282051282048,-5.370588378906262e-07
-0.06970695970695973,-1.9042449707031252e-06
-0.06890109890109875,-1.9042449707031252e-06
-0.06809523809523799,5.224654150390627e-06
-0.06728937728937723,1.0742676757812502e-06
-0.06648351648351647,-2.1972134277343755e-06
-0.06567765567765549,-2.6854941894531236e-06
-0.06487179487179473,7.324711425781274e-07
-0.06406593406593397,-1.4643422851562348e-07
-0.06326007326007321,2.685594189453127e-06
-0.062454212454212454,-2.929184570312486e-07
-0.061648351648351474,-2.099557275390623e-06
-0.060842490842490715,1.806688818359376e-06
-0.06003663003662996,3.2227030273437477e-06
-0.0592307692307692,1.0254395996093705e-06
-0.05842490842490844,-3.1737749511718718e-06
-0.05761904761904746,-9.27683447265629e-07
-0.0568131868131867,7.324711425781274e-07
-0.05600732600732594,2.6367661132812472e-06
-0.05520146520146518,7.812992187500001e-07
-0.0543956043956042,1.465342285156197e-07
-0.053589743589743444,-8.788553710937491e-07
-0.052783882783882685,1.2695799804687481e-06
-0.05197802197802193,1.953173046875001e-06
-0.05117216117216117,1.953173046875001e-06
-0.05036630036630019,-3.955024169921877e-06
-0.04956043956043943,-1.415964208984377e-06
-0.04875457875457867,1.9043449707031214e-06
-0.04794871794871791,4.296920703124996e-06
-0.04714285714285715,-2.3436976562500006e-06
-0.04633699633699617,-1.3671361328124973e-06
-0.045531135531135414,-1.7089326660156203e-06
-0.044725274725274655,1.806688818359376e-06
-0.0439194139194139,1.123095751953123e-06
-0.043113553113552916,1.660204589843751e-06
-0.04230769230769216,-2.8808064941406283e-06
-0.0415018315018314,-7.32371142578124e-07
-0.04069597069597064,1.8555168945312486e-06
-0.03989010989010988,1.953173046875001e-06
-0.0390842490842489,-2.929184570312486e-07
-0.03827838827838814,-2.1483853515625027e-06
-0.037472527472527384,-7.32371142578124e-07
-0.036666666666666625,3.955124169921874e-06
-0.03586080586080587,1.7578607421874963e-06
-0.035054945054944886,-1.5624484375000022e-06
-0.03424908424908413,-1.8554168945312524e-06
-0.03344322344322337,-3.417465332031284e-07
-0.03263736263736261,-9.76061523437508e-08
-0.03183150183150185,2.5391099609375017e-06
-0.03102564102564087,1.465342285156197e-07
-0.030219780219780112,-2.734322265625003e-06
-0.029413919413919354,3.4180153320312524e-06
-0.028608058608058595,3.8086399414062482e-06
-0.027802197802197615,2.0508291992187463e-06
-0.026996336996336856,-3.2714311035156313e-06
-0.026190476190476097,9.770615234374701e-08
-0.02538461538461534,1.0742676757812502e-06
-0.02457875457875458,3.173874951171875e-06
-0.0237728937728936,9.277834472656252e-07
-0.02296703296703284,8.301272949218728e-07
-0.022161172161172082,-4.882307617187465e-07
-0.021355311355311324,1.318408056640628e-06
-0.020549450549450565,2.7832503417968724e-06
-0.019743589743589585,2.0508291992187463e-06
-0.018937728937728826,-3.2226030273437513e-06
-0.018131868131868067,-8.788553710937491e-07
-0.01732600732600731,2.148485351562499e-06
-0.016520146520146328,4.980513769531249e-06
-0.01571428571428557,-2.8319784179687487e-06
-0.014908424908424811,-1.3183080566406317e-06
-0.014102564102564052,-1.074167675781254e-06
-0.013296703296703294,3.173874951171875e-06
-0.012490842490842313,1.2207519042968756e-06
-0.011684981684981555,2.294969580078124e-06
-0.010879120879120796,-2.294869580078128e-06
-0.010073260073260037,-9.76061523437508e-08
-0.009267399267399279,1.123095751953123e-06
-0.008461538461538298,2.5391099609375017e-06
-0.00765567765567754,5.371588378906224e-07
-0.006849816849816781,-1.611276513671875e-06
-0.0060439560439560225,-9.765115234375017e-07
-0.005238095238095042,6.005903369140618e-06
-0.004432234432234283,2.4414538085937493e-06
-0.0036263736263735247,-1.2206519042968722e-06
-0.002820512820512766,-2.3436976562500006e-06
-0.0020146520146520075,1.8555168945312486e-06
-0.0012087912087910269,5.371588378906224e-07
-0.00040293040293026827,2.9297345703125047e-06
0.0004029304029304903,1.465342285156197e-07
0.001208791208791249,-7.32371142578124e-07
0.0020146520146520075,1.5137203613281258e-06
0.002820512820512988,4.199264550781244e-06
0.0036263736263737467,2.0508291992187463e-06
0.004432234432234505,-1.6601045898437547e-06
0.005238095238095264,-4.882307617187465e-07
0.0060439560439560225,1.1719238281249956e-06
0.006849816849817003,4.1016083984374985e-06
0.007655677655677762,2.0508291992187463e-06
0.00846153846153852,-7.811992187500038e-07
0.009267399267399279,-4.3940268554688087e-07
0.01007326007326026,2.685594189453127e-06
0.010879120879121018,3.2715311035156273e-06
0.011684981684981777,2.148485351562499e-06
0.012490842490842535,-2.440903808593759e-07
0.013296703296703294,-8.300272949218765e-07
0.014102564102564275,1.806688818359376e-06
0.014908424908425033,5.419966455078125e-06
0.01571428571428579,-2.3925257324218806e-06
0.01652014652014655,-1.3671361328124973e-06
0.01732600732600731,-5.85886914062506e-07
0.01813186813186829,4.638717236328127e-06
0.018937728937729048,1.464892285156253e-06
0.019743589743589807,1.7578607421874963e-06
0.020549450549450565,-1.3671361328124973e-06
0.021355311355311546,6.836430664062475e-07
0.022161172161172304,7.812992187500001e-07
0.022967032967033063,2.8320784179687447e-06
0.02377289377289382,6.836430664062475e-07
0.02457875457875458,-8.300272949218765e-07
0.02538461538461556,-3.905746093750011e-07
0.02619047619047632,6.494184130859374e-06
0.026996336996337078,2.490281884765622e-06
0.027802197802197837,-7.32371142578124e-07
0.028608058608058595,-2.0019011230468776e-06
0.029413919413919576,3.173874951171875e-06
0.030219780219780334,2.002001123046874e-06
0.031025641025641093,3.662155712890623e-06
0.03183150183150185,-3.417465332031284e-07
0.03263736263736283,5.0000000001659824e-11
0.03344322344322359,-1.4643422851562348e-07
0.03424908424908435,4.687545312499999e-06
0.03505494505494511,2.3926257324218765e-06
0.03586080586080587,-1.4643422851562348e-07
0.03666666666666685,-4.3940268554688087e-07
0.037472527472527606,1.7090326660156235e-06
0.038278388278388364,3.662155712890623e-06
0.03908424908424912,2.4414538085937493e-06
0.03989010989010988,-2.3436976562500006e-06
0.04069597069597086,1.9536230468749947e-07
0.04150183150183162,3.369187255859373e-06
0.04230769230769238,3.7598118652343754e-06
0.04311355311355314,2.343797656249997e-06
0.0439194139194139,2.0508291992187463e-06
0.04472527472527488,-5.370588378906262e-07
0.045531135531135636,1.953173046875001e-06
0.046336996336996394,4.345748779296876e-06
0.04714285714285715,-1.7089326660156203e-06
0.047948717948718134,-1.1718238281249994e-06
0.04875457875457889,3.418465332031246e-07
0.04956043956043965,5.468794531249997e-06
0.05036630036630041,2.294969580078124e-06
0.05117216117216117,9.277834472656252e-07
0.05197802197802215,-1.2206519042968722e-06
0.05278388278388291,6.348149902343678e-07
0.053589743589743666,1.6113765136718712e-06
0.054395604395604424,3.1250468749999954e-06
0.05520146520146518,4.883307617187497e-07
0.056007326007326164,-4.3940268554688087e-07
0.05681318681318692,3.418465332031246e-07
0.05761904761904768,4.882857617187504e-06
0.05842490842490844,2.9297345703125047e-06
0.05923076923076942,2.9301845703124485e-07
0.06003663003663018,-2.5390099609375057e-06
0.06084249084249094,4.638717236328127e-06
0.061648351648351696,3.662155712890623e-06
0.062454212454212454,4.296920703124996e-06
0.06326007326007344,-1.0253395996093743e-06
0.0640659340659342,5.859869140625022e-07
0.06487179487179495,2.9301845703124485e-07
0.06567765567765571,4.443404931640621e-06
0.06648351648351647,2.294969580078124e-06
0.06728937728937745,1.5137203613281258e-06
0.06809523809523821,2.9301845703124485e-07
0.06890109890109897,1.7578607421874963e-06
0.06970695970695973,3.6133276367187503e-06
0.0705128205128207,3.466843408203125e-06
0.07131868131868146,-3.2714311035156313e-06
0.07212454212454222,-1.4643422851562348e-07
0.07293040293040298,3.8574680175781206e-06
0.07373626373626374,4.8340295410156245e-06
0.07454212454212472,9.277834472656252e-07
0.07534798534798548,2.0508291992187463e-06
0.07615384615384624,-2.440903808593759e-07
0.076959706959707,1.9043449707031214e-06
0.07776556776556776,3.466843408203125e-06
0.07857142857142874,7.812992187500001e-07
0.0793772893772895,-1.953073046874998e-06
0.08018315018315025,-9.76061523437508e-08
0.08098901098901101,5.371138378906252e-06
0.08179487179487199,2.8320784179687447e-06
0.08260073260073275,1.318408056640628e-06
0.08340659340659351,-1.269479980468752e-06
0.08421245421245427,9.277834472656252e-07
0.08501831501831503,3.2227030273437477e-06
0.08582417582417601,3.1250468749999954e-06
0.08663003663003677,4.3950268554687707e-07
0.08743589743589752,-4.8778076171878125e-08
0.08824175824175828,-5.370588378906262e-07
0.08904761904761904,4.296920703124996e-06
0.08985347985348002,3.515671484374998e-06
0.09065934065934078,1.0254395996093705e-06
0.09146520146520154,-2.978462646484374e-06
0.0922710622710623,7.1777771972656265e-06
0.09307692307692306,4.394576855468749e-06
0.09388278388278404,4.1504364746093784e-06
0.0946886446886448,-3.6132276367187543e-06
0.09549450549450555,1.0742676757812502e-06
0.09630036630036631,1.7090326660156235e-06
0.0971062271062273,5.224654150390627e-06
0.09791208791208805,2.7344222656249996e-06
0.09871794871794881,3.320359179687493e-06
0.09952380952380957,-3.905746093750011e-07
0.10032967032967033,2.490281884765622e-06
0.10113553113553131,4.980513769531249e-06
0.10194139194139207,4.394576855468749e-06
0.10274725274725283,-7.1288491210937505e-06
0.10355311355311358,-3.417465332031284e-07
0.10435897435897434,5.224654150390627e-06
0.10516483516483532,8.935587939453121e-06
0.10597069597069608,-5.371038378906249e-06
0.10677655677655684,-1.953073046874998e-06
0.1075824175824176,-1.5624484375000022e-06
0.10838827838827858,6.787152587890624e-06
0.10919413919413934,2.3926257324218765e-06
0.1100000000000001,4.003952246093753e-06
0.11080586080586086,-3.6620557128906267e-06
0.11161172161172161,1.5137203613281258e-06
0.1124175824175826,1.7090326660156235e-06
0.11322344322344335,4.345748779296876e-06
0.11402930402930411,3.906746093749973e-07
0.11483516483516487,-2.8319784179687487e-06
0.11564102564102563,-1.8065888183593799e-06
0.11644688644688661,1.4501988623046877e-05
0.11725274725274737,3.369187255859373e-06
0.11805860805860813,-3.955024169921877e-06
0.11886446886446889,-4.0526803222656225e-06
0.11967032967032987,4.7852014648437445e-06
0.12047619047619063,1.7090326660156235e-06
0.12128205128205138,5.712934912109375e-06
0.12208791208791214,-1.5624484375000022e-06
0.1228937728937729,-9.765115234375017e-07
0.12369963369963388,1.7090326660156235e-06
0.12450549450549464,9.912149462890617e-06
0.1253113553113554,2.6367661132812472e-06
0.12611721611721616,-3.906196093749997e-06
0.12692307692307692,-1.9526230468750327e-07
0.1277289377289379,4.0527803222656185e-06
0.12853479853479866,7.1777771972656265e-06
0.12934065934065941,3.2227030273437477e-06
0.13014652014652017,-5.2733822265625035e-06
0.13095238095238093,-3.905746093750011e-07
0.1317582417582419,7.275433349609372e-06
0.13256410256410267,6.689496435546878e-06
0.13336996336996343,2.9785626464843703e-06
0.1341758241758242,9.277834472656252e-07
0.13498168498168517,-1.1229957519531268e-06
0.13578754578754593,3.515671484374998e-06
0.13659340659340669,8.34965102539062e-06
0.13739926739926744,-3.808539941406252e-06
0.1382051282051282,-2.0019011230468776e-06
0.13901098901098918,1.9536230468749947e-07
0.13981684981684994,7.031292968750001e-06
0.1406227106227107,2.6367661132812472e-06
0.14142857142857146,1.8555168945312486e-06
0.14223443223443222,-1.415964208984377e-06
0.1430402930402932,1.0254395996093705e-06
0.14384615384615396,1.0254395996093705e-06
0.14465201465201472,3.2227030273437477e-06
0.14545787545787547,1.464892285156253e-06
0.14626373626373645,-2.929184570312486e-07
0.1470695970695972,-5.370588378906262e-07
0.14787545787545797,7.031292968750001e-06
0.14868131868131873,3.662155712890623e-06
0.1494871794871795,4.3950268554687707e-07
0.15029304029304047,-2.734322265625003e-06
0.15109890109890123,5.029341845703122e-06
0.151904761904762,3.662155712890623e-06
0.15271062271062275,4.589889160156247e-06
0.1535164835164835,-3.417465332031284e-07
0.15432234432234448,1.1719238281249956e-06
0.15512820512820524,2.9301845703124485e-07
0.155934065934066,5.712934912109375e-06
0.15673992673992676,2.5391099609375017e-06
0.15754578754578774,1.7090326660156235e-06
0.1583516483516485,3.906746093749973e-07
0.15915750915750926,3.2715311035156273e-06
0.15996336996337002,4.882857617187504e-06
0.16076923076923078,4.199264550781244e-06
0.16157509157509176,-9.179628320312503e-06
0.16238095238095251,9.770615234374701e-08
0.16318681318681327,7.1289491210937465e-06
0.16399267399267403,8.3984791015625e-06
0.1647985347985348,-3.4179153320312492e-06
0.16560439560439577,-4.882307617187465e-07
0.16641025641025653,-1.7089326660156203e-06
0.1672161172161173,7.226605273437499e-06
0.16802197802197805,3.466843408203125e-06
0.1688278388278388,3.710983789062496e-06
0.16963369963369979,-5.126897998046871e-06
0.17043956043956054,1.0254395996093705e-06
0.1712454212454213,3.9062960937500006e-06
0.17205128205128206,4.443404931640621e-06
0.17285714285714304,-9.76061523437508e-08
0.1736630036630038,-2.294869580078128e-06
0.17446886446886456,-4.8778076171878125e-08
0.17527472527472532,1.3378942871093748e-05
0.17608058608058608,3.9062960937500006e-06
0.17688644688644706,-3.320259179687497e-06
0.17769230769230782,-4.638617236328123e-06
0.17849816849816857,5.371138378906252e-06
0.17930402930402933,2.7344222656249996e-06
0.1801098901098901,5.664106835937495e-06
0.18091575091575107,-9.27683447265629e-07
0.18172161172161183,-2.440903808593759e-07
0.1825274725274726,3.2227030273437477e-06
0.18333333333333335,8.642619482421879e-06
0.18413919413919433,2.490281884765622e-06
0.1849450549450551,-2.587838037109378e-06
0.18575091575091585,-9.76061523437508e-08
0.1865567765567766,3.710983789062496e-06
0.18736263736263736,7.8125421875e-06
0.18816849816849834,3.4180153320312524e-06
0.1889743589743591,-3.027290722656254e-06
0.18978021978021986,1.9536230468749947e-07
0.19058608058608062,5.810591064453121e-06
0.19139194139194138,5.371138378906252e-06
0.19219780219780236,3.02739072265625e-06
0.19300366300366312,2.8809064941406247e-06
0.19380952380952388,-2.440903808593759e-07
0.19461538461538463,2.9297345703125047e-06
0.19542124542124562,6.103559521484378e-06
0.19622710622710637,-1.1718238281249994e-06
0.19703296703296713,-1.8554168945312524e-06
0.1978388278388279,5.859869140625022e-07
0.19864468864468865,5.957075292968752e-06
0.19945054945054963,3.710983789062496e-06
0.2002564102564104,2.0508291992187463e-06
0.19945054945054963,-1.269479980468752e-06
0.19864468864468865,1.5137203613281258e-06
0.1978388278388279,3.710983789062496e-06
0.19703296703296713,3.710983789062496e-06
0.19622710622710637,3.418465332031246e-07
0.19542124542124562,-1.9526230468750327e-07
0.19461538461538463,2.4419038085937927e-07
0.19380952380952388,3.173874951171875e-06
0.19300366300366312,4.394576855468749e-06
0.19219780219780236,1.6113765136718712e-06
0.19139194139194138,-2.734322265625003e-06
0.19058608058608062,6.298871826171876e-06
0.18978021978021986,5.810591064453121e-06
0.1889743589743591,4.443404931640621e-06
0.18816849816849834,-4.0526803222656225e-06
0.18736263736263736,3.906746093749973e-07
0.1865567765567766,2.8320784179687447e-06
0.18575091575091585,6.835980664062504e-06
0.1849450549450551,3.173874951171875e-06
0.18413919413919433,1.2695799804687481e-06
0.18333333333333335,-9.76061523437508e-08
0.1825274725274726,4.541061083984374e-06
0.18172161172161183,5.712934912109375e-06
0.18091575091575107,4.1504364746093784e-06
0.1801098901098901,-2.441353808593746e-06
0.17930402930402933,-1.4647922851562498e-06
0.17849816849816857,3.662155712890623e-06
0.17769230769230782,9.082072167968747e-06
0.17688644688644706,-6.933536816406253e-06
0.17608058608058608,-4.150336474609375e-06
0.17527472527472532,-1.7577607421875e-06
0.17446886446886456,1.0839882910156248e-05
0.1736630036630038,3.4180153320312524e-06
0.17285714285714304,6.836430664062475e-07
0.17205128205128206,-4.931585693359373e-06
0.1712454212454213,1.465342285156197e-07
0.17043956043956054,1.9043449707031214e-06
0.16963369963369979,3.9062960937500006e-06
0.1688278388278388,-1.0253395996093743e-06
0.16802197802197805,-3.466743408203129e-06
0.1672161172161173,-1.0253395996093743e-06
0.16641025641025653,1.1523475976562493e-05
0.16560439560439577,4.7852014648437445e-06
0.1647985347985348,-2.3436976562500006e-06
0.16399267399267403,-9.716737158203131e-06
0.16318681318681327,1.2158240966796875e-05
0.16238095238095251,7.568401806640629e-06
0.16157509157509176,5.56645068359375e-06
0.16076923076923078,-7.1776771972656305e-06
0.15996336996337002,-9.76061523437508e-08
0.15915750915750926,9.766115234374979e-07
0.1583516483516485,9.375040624999996e-06
0.15754578754578774,1.8555168945312486e-06
0.15673992673992676,1.3672361328124935e-06
0.155934065934066,-1.5136203613281296e-06
0.15512820512820524,2.002001123046874e-06
0.15432234432234448,5.126997998046875e-06
0.1535164835164835,4.394576855468749e-06
0.15271062271062275,-1.2744077880859378e-05
0.151904761904762,-1.5624484375000022e-06
0.15109890109890123,7.373089501953124e-06
0.15029304029304047,1.2011756738281249e-05
0.1494871794871795,-8.398379101562505e-06
0.14868131868131873,-5.0780699218750055e-06
0.14787545787545797,-3.7597118652343794e-06
0.1470695970695972,9.082072167968747e-06
0.14626373626373645,2.3926257324218765e-06
0.14545787545787547,2.8320784179687447e-06
0.14465201465201472,-7.1288491210937505e-06
0.14384615384615396,8.301272949218728e-07
0.1430402930402932,1.7578607421874963e-06
0.14223443223443222,4.248092626953124e-06
0.14142857142857146,-1.5136203613281296e-06
0.1406227106227107,-4.443304931640625e-06
0.13981684981684994,-1.7577607421875e-06
0.13901098901098918,1.4111364013671874e-05
0.1382051282051282,4.1016083984374985e-06
0.13739926739926744,-4.833929541015628e-06
0.13659340659340669,-8.83783178710938e-06
0.13578754578754593,1.09375390625e-05
0.13498168498168517,6.689496435546878e-06
0.1341758241758242,4.736373388671872e-06
0.13336996336996343,-6.689396435546882e-06
0.13256410256410267,-1.9526230468750327e-07
0.1317582417582419,-1.7577607421875e-06
0.13095238095238093,9.423868701171868e-06
0.13014652014652017,2.343797656249997e-06
0.12934065934065941,8.789553710937454e-07
0.12853479853479866,-2.5390099609375057e-06
0.1277289377289379,3.4180153320312524e-06
0.12692307692307692,6.347699902343748e-06
0.12611721611721616,4.443404931640621e-06
0.1253113553113554,-1.3622983251953121e-05
0.12450549450549464,-1.7577607421875e-06
0.12369963369963388,7.714886035156248e-06
0.1228937728937729,1.005863369140625e-05
0.12208791208791214,-3.857368017578125e-06
0.12128205128205138,-3.905746093750011e-07
0.12047619047619063,-2.6854941894531236e-06
0.11967032967032987,3.320359179687493e-06
0.11886446886446889,3.7598118652343754e-06
0.11805860805860813,9.277834472656252e-07
0.11725274725274737,-8.154238720703126e-06
0.11644688644688661,-6.835430664062513e-07
0.11564102564102563,7.421917578124997e-06
0.11483516483516487,3.955124169921874e-06
0.11402930402930411,-1.5624484375000022e-06
0.11322344322344335,-6.738224511718748e-06
0.1124175824175826,-3.905746093750011e-07
0.11161172161172161,8.544963330078125e-06
0.11080586080586086,4.1016083984374985e-06
0.1100000000000001,-6.103459521484374e-06
0.10919413919413934,-5.224554150390631e-06
0.10838827838827858,-8.300272949218765e-07
0.1075824175824176,-2.929184570312486e-07
0.10677655677655684,4.931685693359369e-06
0.10597069597069608,-0.003140719465527344
0.10516483516483532,-0.003140719465527344
0.10435897435897434,-0.003140719465527344
0.10355311355311358,-0.003140719465527344
0.10274725274725283,-0.003140719465527344
0.10194139194139207,-0.003140719465527344
0.10113553113553131,-0.003140719465527344
0.10032967032967033,-0.003140719465527344
0.09952380952380957,-0.003140719465527344
0.09871794871794881,-0.003140719465527344
0.09791208791208805,-0.0031407682936035156
0.0971062271062273,-0.003140719465527344
0.09630036630036631,-0.003140719465527344
0.09549450549450555,-0.003140719465527344
0.0946886446886448,-0.003140719465527344
0.09388278388278404,-0.003140719465527344
0.09307692307692306,-0.0031407682936035156
0.0922710622710623,-0.003140719465527344
0.09146520146520154,-0.003140719465527344
0.09065934065934078,-0.003140719465527344
0.08985347985348002,-0.003140719465527344
0.08904761904761904,-0.003140719465527344
0.08824175824175828,-0.003140719465527344
0.08743589743589752,-0.003140719465527344
0.08663003663003677,-0.0031407682936035156
0.08582417582417601,-0.0031407682936035156
0.08501831501831503,-0.0031407682936035156
0.08421245421245427,-0.003140719465527344
0.08340659340659351,-0.003140719465527344
0.08260073260073275,-0.003140719465527344
0.08179487179487199,-0.003140719465527344
0.08098901098901101,-0.003140719465527344
0.08018315018315025,-0.003140719465527344
0.0793772893772895,-0.003140719465527344
0.07857142857142874,-0.003140719465527344
0.07776556776556776,-0.003140719465527344
0.076959706959707,-0.003140719465527344
0.07615384615384624,-0.0031407682936035156
0.07534798534798548,-0.003140719465527344
0.07454212454212472,-0.0031407682936035156
0.07373626373626374,-0.003140719465527344
0.07293040293040298,-0.003140719465527344
0.07212454212454222,-0.003140719465527344
0.07131868131868146,-0.0031407682936035156
0.0705128205128207,-0.003140719465527344
0.06970695970695973,-0.003140719465527344
0.06890109890109897,-0.003140719465527344
0.06809523809523821,-0.003140719465527344
0.06728937728937745,-0.003140719465527344
0.06648351648351647,-0.003140719465527344
0.06567765567765571,-0.0031407682936035156
0.06487179487179495,-0.003140719465527344
0.0640659340659342,-0.003140719465527344
0.06326007326007344,-0.003140719465527344
0.062454212454212454,-0.0031407682936035156
0.061648351648351696,-0.0031407682936035156
0.06084249084249094,-0.003140719465527344
0.06003663003663018,-0.003140719465527344
0.05923076923076942,-0.0031407682936035156
0.05842490842490844,-0.003140719465527344
0.05761904761904768,-0.003140719465527344
0.05681318681318692,-0.003140719465527344
0.056007326007326164,-0.0031407682936035156
0.05520146520146518,-0.003140719465527344
0.054395604395604424,-0.003140719465527344
0.053589743589743666,-0.0031407682936035156
0.05278388278388291,-0.003140719465527344
0.05197802197802215,-0.003140719465527344
0.05117216117216117,-0.0031407682936035156
0.05036630036630041,-0.003140719465527344
0.04956043956043965,-0.003140719465527344
0.04875457875457889,-0.003140719465527344
0.047948717948718134,-0.003140719465527344
0.04714285714285715,-0.003140719465527344
0.046336996336996394,-0.003140719465527344
0.045531135531135636,-0.0031407682936035156
0.04472527472527488,-0.003140719465527344
0.0439194139194139,-0.0031407682936035156
0.04311355311355314,-0.003140719465527344
0.04230769230769238,-0.003140719465527344
0.04150183150183162,-0.003140719465527344
0.04069597069597086,-0.003140719465527344
0.03989010989010988,-0.003140719465527344
0.03908424908424912,-0.0031407682936035156
0.038278388278388364,-0.0031407682936035156
0.037472527472527606,-0.0031407682936035156
0.03666666666666685,-0.0031407682936035156
0.03586080586080587,-0.003140719465527344
0.03505494505494511,-0.0031407682936035156
0.03424908424908435,-0.003140719465527344
0.03344322344322359,-0.0031407682936035156
0.03263736263736283,-0.003140719465527344
0.03183150183150185,-0.003140719465527344
0.031025641025641093,-0.0031407682936035156
0.030219780219780334,-0.003140719465527344
0.029413919413919576,-0.0031407682936035156
0.028608058608058595,-0.003140719465527344
0.027802197802197837,-0.003140719465527344
0.026996336996337078,-0.003140719465527344
0.02619047619047632,-0.003140719465527344
0.02538461538461556,-0.0031407682936035156
0.02457875457875458,-0.003140719465527344
0.02377289377289382,-0.0031407682936035156
0.022967032967033063,-0.003140719465527344
0.022161172161172304,-0.0031407682936035156
0.021355311355311546,-0.0031407682936035156
0.020549450549450565,-0.0031407682936035156
0.019743589743589807,-0.0031407682936035156
0.018937728937729048,-0.003140719465527344
0.01813186813186829,-0.0031407682936035156
0.01732600732600731,-0.0031407682936035156
0.01652014652014655,-0.003140719465527344
0.01571428571428579,-0.0031407682936035156
0.014908424908425033,-0.0031407682936035156
0.014102564102564275,-0.0031407682936035156
0.013296703296703294,-0.0031407682936035156
0.012490842490842535,-0.0031407682936035156
0.011684981684981777,-0.0031407682936035156
0.010879120879121018,-0.0031407682936035156
0.01007326007326026,-0.003140719465527344
0.009267399267399279,-0.0031407682936035156
0.00846153846153852,-0.003140719465527344
0.007655677655677762,-0.003140719465527344
0.006849816849817003,-0.003140719465527344
0.0060439560439560225,-0.003140719465527344
0.005238095238095264,-0.0031407682936035156
0.004432234432234505,-0.0031407682936035156
0.0036263736263737467,-0.0031407682936035156
0.002820512820512988,-0.0031407682936035156
0.0020146520146520075,-0.003140719465527344
0.001208791208791249,-0.003140719465527344
0.0004029304029304903,-0.0031407682936035156
-0.00040293040293026827,-0.003140719465527344
-0.0012087912087910269,-0.0031407682936035156
-0.0020146520146520075,-0.003140719465527344
-0.002820512820512766,-0.003140719465527344
-0.0036263736263735247,-0.003140719465527344
-0.004432234432234283,-0.003140719465527344
-0.005238095238095042,-0.003140719465527344
-0.0060439560439560225,-0.0031407682936035156
-0.006849816849816781,-0.0031407682936035156
-0.00765567765567754,-0.0031407682936035156
-0.008461538461538298,-0.003140719465527344
-0.009267399267399279,-0.0031407682936035156
-0.010073260073260037,-0.003140719465527344
-0.010879120879120796,-0.0031407682936035156
-0.011684981684981555,-0.003140719465527344
-0.012490842490842313,-0.0031407682936035156
-0.013296703296703294,-0.0031407682936035156
-0.014102564102564052,-0.0031407682936035156
-0.014908424908424811,-0.003140719465527344
-0.01571428571428557,-0.0031407682936035156
-0.016520146520146328,-0.0031407682936035156
-0.01732600732600731,-0.003140719465527344
-0.018131868131868067,-0.003140719465527344
-0.018937728937728826,-0.0031407682936035156
-0.019743589743589585,-0.0031407682936035156
-0.020549450549450565,-0.003140719465527344
-0.021355311355311324,-0.003140719465527344
-0.022161172161172082,-0.0031407682936035156
-0.02296703296703284,-0.003140719465527344
-0.0237728937728936,-0.0031407682936035156
-0.02457875457875458,-0.0031407682936035156
-0.02538461538461534,-0.0031407682936035156
-0.026190476190476097,-0.003140719465527344
-0.026996336996336856,-0.0031407682936035156
-0.027802197802197615,-0.0031407682936035156
-0.028608058608058595,-0.003140719465527344
-0.029413919413919354,-0.0031407682936035156
-0.030219780219780112,-0.0031407682936035156
-0.03102564102564087,-0.003140719465527344
-0.03183150183150185,-0.0031407682936035156
-0.03263736263736261,-0.003140719465527344
-0.03344322344322337,-0.003140719465527344
-0.03424908424908413,-0.0031407682936035156
-0.035054945054944886,-0.0031407682936035156
-0.03586080586080587,-0.0031407682936035156
-0.036666666666666625,-0.0031407682936035156
-0.037472527472527384,-0.003140719465527344
-0.03827838827838814,-0.0031407682936035156
-0.0390842490842489,-4.9951071923828137e-05
-0.03989010989010988,-0.003140719465527344
-0.04069597069597064,-0.003140719465527344
-0.0415018315018314,-0.003140719465527344
-0.04230769230769216,-4.9951071923828137e-05
-0.043113553113552916,-4.9951071923828137e-05
-0.0439194139194139,-4.9951071923828137e-05
-0.044725274725274655,-4.9951071923828137e-05
-0.045531135531135414,-4.9951071923828137e-05
-0.04633699633699617,-4.9951071923828137e-05
-0.04714285714285715,-0.003140719465527344
-0.04794871794871791,-4.9951071923828137e-05
-0.04875457875457867,-4.9951071923828137e-05
-0.04956043956043943,-4.9951071923828137e-05
-0.05036630036630019,-0.003140719465527344
-0.05117216117216117,-4.9951071923828137e-05
-0.05197802197802193,-4.9951071923828137e-05
-0.052783882783882685,-0.003140719465527344
-0.053589743589743444,-0.003140719465527344
-0.0543956043956042,-0.003140719465527344
-0.05520146520146518,-4.9951071923828137e-05
-0.05600732600732594,-4.9951071923828137e-05
-0.0568131868131867,-4.9951071923828137e-05
-0.05761904761904746,-4.9951071923828137e-05
-0.05842490842490844,-0.003140719465527344
-0.0592307692307692,-0.003140719465527344
-0.06003663003662996,-0.003140719465527344
-0.060842490842490715,-4.9951071923828137e-05
-0.061648351648351474,-4.9951071923828137e-05
-0.062454212454212454,-4.9951071923828137e-05
-0.06326007326007321,-4.9951071923828137e-05
-0.06406593406593397,-4.9951071923828137e-05
-0.06487179487179473,-4.9951071923828137e-05
-0.06567765567765549,-4.9951071923828137e-05
-0.06648351648351647,-4.9951071923828137e-05
-0.06728937728937723,-4.9951071923828137e-05
-0.06809523809523799,-4.9951071923828137e-05
-0.06890109890109875,-4.9951071923828137e-05
-0.06970695970695973,-4.9951071923828137e-05
-0.07051282051282048,-0.003140719465527344
-0.07131868131868124,-0.003140719465527344
-0.072124542124542,-0.003140719465527344
-0.07293040293040276,-0.003140719465527344
-0.07373626373626374,-0.003140719465527344
-0.0745421245421245,-0.003140719465527344
-0.07534798534798526,-0.003140719465527344
-0.07615384615384602,-0.0031407682936035156
-0.07695970695970678,-0.003140719465527344
-0.07776556776556776,-0.0031407682936035156
-0.07857142857142851,-0.0031407682936035156
-0.07937728937728927,-0.0031407682936035156
-0.08018315018315003,-0.0031407682936035156
-0.08098901098901101,-0.003140719465527344
-0.08179487179487177,-0.003140719465527344
-0.08260073260073253,-0.0031407682936035156
-0.08340659340659329,-0.003140719465527344
-0.08421245421245405,-0.003140719465527344
-0.08501831501831503,-0.003140719465527344
-0.08582417582417579,-0.0031407682936035156
-0.08663003663003654,-0.003140719465527344
-0.0874358974358973,-0.0031407682936035156
-0.08824175824175806,-0.0031407682936035156
-0.08904761904761904,-0.003140719465527344
-0.0898534798534798,-0.003140719465527344
-0.09065934065934056,-0.003140719465527344
-0.09146520146520132,-0.0031407682936035156
-0.09227106227106208,-0.0031407682936035156
-0.09307692307692306,-0.0031407682936035156
-0.09388278388278382,-0.0031407682936035156
-0.09468864468864457,-0.0031407682936035156
-0.09549450549450533,-4.9951071923828137e-05
-0.09630036630036631,-4.9951071923828137e-05
-0.09710622710622707,-4.9951071923828137e-05
-0.09791208791208783,-0.003140719465527344
-0.09871794871794859,-0.003140719465527344
-0.09952380952380935,-0.003140719465527344
-0.10032967032967033,-0.003140719465527344
-0.09952380952380935,-4.9951071923828137e-05
-0.09871794871794859,-4.9951071923828137e-05
-0.09791208791208783,-0.003140719465527344
-0.09710622710622707,-0.003140719465527344
-0.09630036630036631,-0.003140719465527344
-0.09549450549450533,-4.9951071923828137e-05
-0.09468864468864457,-4.9951071923828137e-05
-0.09388278388278382,-4.9951071923828137e-05
-0.09307692307692306,-0.003140719465527344
-0.09227106227106208,-0.003140719465527344
-0.09146520146520132,-0.003140719465527344
-0.09065934065934056,-0.003140719465527344
-0.0898534798534798,-0.003140719465527344
-0.08904761904761904,-0.003140719465527344
-0.08824175824175806,-0.003140719465527344
-0.0874358974358973,-0.0031407682936035156
-0.08663003663003654,-0.0031407682936035156
-0.08582417582417579,-0.003140719465527344
-0.08501831501831503,-0.0031407682936035156
-0.08421245421245405,-0.003140719465527344
-0.08340659340659329,-0.003140719465527344
-0.08260073260073253,-0.003140719465527344
-0.08179487179487177,-0.003140719465527344
-0.08098901098901101,-0.0031407682936035156
-0.08018315018315003,-0.003140719465527344
-0.07937728937728927,-4.9951071923828137e-05
-0.07857142857142851,-4.9951071923828137e-05
-0.07776556776556776,-4.9951071923828137e-05
-0.07695970695970678,-4.9951071923828137e-05
-0.07615384615384602,-4.9951071923828137e-05
-0.07534798534798526,-4.9951071923828137e-05
-0.0745421245421245,-4.9951071923828137e-05
-0.07373626373626374,-4.9951071923828137e-05
-0.07293040293040276,-4.9951071923828137e-05
-0.072124542124542,-4.9951071923828137e-05
-0.07131868131868124,-4.9951071923828137e-05
-0.07051282051282048,-4.9951071923828137e-05
-0.06970695970695973,-4.9951071923828137e-05
-0.06890109890109875,-4.9951071923828137e-05
-0.06809523809523799,-4.9951071923828137e-05
-0.06728937728937723,-4.9951071923828137e-05
-0.06648351648351647,-4.9951071923828137e-05
-0.06567765567765549,-4.9951071923828137e-05
-0.06487179487179473,-4.9951071923828137e-05
-0.06406593406593397,-4.9951071923828137e-05
-0.06326007326007321,-4.9951071923828137e-05
-0.062454212454212454,-4.9951071923828137e-05
-0.061648351648351474,-4.9951071923828137e-05
-0.060842490842490715,-4.9951071923828137e-05
-0.06003663003662996,-4.9951071923828137e-05
-0.0592307692307692,-4.9951071923828137e-05
-0.05842490842490844,-4.9951071923828137e-05
-0.05761904761904746,-4.9951071923828137e-05
-0.0568131868131867,-4.9951071923828137e-05
-0.05600732600732594,-4.9951071923828137e-05
-0.05520146520146518,-4.9951071923828137e-05
-0.0543956043956042,-4.9951071923828137e-05
-0.053589743589743444,-4.9951071923828137e-05
-0.052783882783882685,-4.9951071923828137e-05
-0.05197802197802193,-4.9951071923828137e-05
-0.05117216117216117,-4.9951071923828137e-05
-0.05036630036630019,-4.9951071923828137e-05
-0.04956043956043943,-4.9951071923828137e-05
-0.04875457875457867,-4.9951071923828137e-05
-0.04794871794871791,-4.9951071923828137e-05
-0.04714285714285715,-4.9951071923828137e-05
-0.04633699633699617,-4.9951071923828137e-05
-0.045531135531135414,-4.9951071923828137e-05
-0.044725274725274655,-4.9951071923828137e-05
-0.0439194139194139,-4.9951071923828137e-05
-0.043113553113552916,-4.9951071923828137e-05
-0.04230769230769216,-3.481436831054688e-05
-0.0415018315018314,-3.071280991210938e-05
-0.04069597069597064,-4.057608129882813e-05
-0.03989010989010988,-3.5888585986328125e-05
-0.0390842490842489,-3.095695029296874e-05
-0.03827838827838814,-2.397453540039062e-05
-0.037472527472527384,-2.4609300390624993e-05
-0.036666666666666625,-2.4853440771484372e-05
-0.03586080586080587,-2.934562377929687e-05
-0.035054945054944886,-2.377922309570313e-05
-0.03424908424908413,-1.928704008789063e-05
-0.03344322344322337,-1.831047856445312e-05
-0.03263736263736261,-2.2070240429687502e-05
-0.03183150183150185,-2.431633193359376e-05
-0.03102564102564087,-2.0800710449218753e-05
-0.030219780219780112,-1.0693298681640619e-05
-0.029413919413919354,-1.567376245117188e-05
-0.028608058608058595,-2.177727197265625e-05
-0.027802197802197615,-2.265617734375e-05
-0.026996336996336856,-1.4013607861328126e-05
-0.026190476190476097,-1.450188862304688e-05
-0.02538461538461534,-1.3085874414062509e-05
-0.02457875457875458,-1.840813471679688e-05
-0.0237728937728936,-1.6894464355468754e-05
-0.02296703296703284,-1.5478450146484378e-05
-0.022161172161172082,-9.326112548828127e-06
-0.021355311355311324,-1.3525327099609377e-05
-0.020549450549450565,-1.6064387060546877e-05
-0.019743589743589585,-1.5429622070312502e-05
-0.018937728937728826,-1.1621032128906257e-05
-0.018131868131868067,-9.66790908203125e-06
-0.01732600732600731,-1.1523375976562498e-05
-0.016520146520146328,-1.9335868164062504e-05
-0.01571428571428557,-1.420892016601563e-05
-0.014908424908424811,-8.300722949218751e-06
-0.014102564102564052,-6.738224511718748e-06
-0.013296703296703294,-1.3281186718750006e-05
-0.012490842490842313,-1.2939390185546876e-05
-0.011684981684981555,-1.4013607861328126e-05
-0.010879120879120796,-8.49603525390625e-06
-0.010073260073260037,-9.03314409179687e-06
-0.009267399267399279,-9.912049462890627e-06
-0.008461538461538298,-1.4990169384765636e-05
-0.00765567765567754,-1.0449158300781256e-05
-0.006849816849816781,-7.421817578125001e-06
-0.0060439560439560225,-7.275333349609376e-06
-0.005238095238095042,-1.0888610986328132e-05
-0.004432234432234283,-1.2499937500000001e-05
