# Params: min_volt -0.1 max_volt 0.2 start_volt 0.0 scan_rate 0.05 direction down num_cycles 2
Stimulation voltage (V),Measured current(A)
-0.006849816849816781,7.373089501953124e-06
-0.0060439560439560225,4.638717236328127e-06
-0.005238095238095042,2.5879380371093745e-06
-0.004432234432234283,2.5879380371093745e-06
-0.0036263736263735247,4.980513769531249e-06
-0.002820512820512766,7.031292968750001e-06
-0.0020146520146520075,6.103559521484378e-06
-0.0012087912087910269,-1.1718238281249994e-06
-0.00040293040293026827,2.0508291992187463e-06
0.0004029304029304903,-1.5136203613281296e-06
0.001208791208791249,-1.415964208984377e-06
0.0020146520146520075,3.9062960937500006e-06
0.002820512820512988,1.7090326660156235e-06
0.0036263736263737467,2.2461415039062442e-06
0.004432234432234505,-1.3671361328124973e-06
0.005238095238095264,-9.765115234375017e-07
0.0060439560439560225,3.7598118652343754e-06
0.006849816849817003,1.5625484374999984e-06
0.007655677655677762,3.1250468749999954e-06
0.00846153846153852,-1.7577607421875e-06
0.009267399267399279,6.836430664062475e-07
0.01007326007326026,1.8555168945312486e-06
0.010879120879121018,3.320359179687493e-06
0.011684981684981777,1.0742676757812502e-06
0.012490842490842535,-1.3671361328124973e-06
0.013296703296703294,5.371588378906224e-07
0.014102564102564275,5.126997998046875e-06
0.014908424908425033,2.5391099609375017e-06
0.01571428571428579,-6.835430664062513e-07
0.01652014652014655,-5.85886914062506e-07
0.01732600732600731,5.859869140625022e-07
0.01813186813186829,1.318408056640628e-06
0.018937728937729048,2.3926257324218765e-06
0.019743589743589807,9.277834472656252e-07
0.020549450549450565,-2.1483853515625027e-06
0.021355311355311546,4.687545312499999e-06
0.022161172161172304,4.248092626953124e-06
0.022967032967033063,3.710983789062496e-06
0.02377289377289382,-2.1483853515625027e-06
0.02457875457875458,7.812992187500001e-07
0.02538461538461556,1.1719238281249956e-06
0.02619047619047632,4.7852014648437445e-06
0.026996336996337078,2.1973134277343786e-06
0.027802197802197837,2.099657275390619e-06
0.028608058608058595,3.906746093749973e-07
0.029413919413919576,2.099657275390619e-06
0.030219780219780334,3.6133276367187503e-06
0.031025641025641093,3.320359179687493e-06
0.03183150183150185,-3.466743408203129e-06
0.03263736263736283,2.9301845703124485e-07
0.03344322344322359,4.248092626953124e-06
0.03424908424908435,5.0781699218750015e-06
0.03505494505494511,1.806688818359376e-06
0.03586080586080587,2.6367661132812472e-06
0.03666666666666685,-2.929184570312486e-07
0.037472527472527606,2.0508291992187463e-06
0.038278388278388364,5.029341845703122e-06
0.03908424908424912,-1.3671361328124973e-06
0.03989010989010988,-1.1229957519531268e-06
0.04069597069597086,4.887807617187434e-08
0.04150183150183162,5.859419140625e-06
0.04230769230769238,2.7344222656249996e-06
0.04311355311355314,2.1973134277343786e-06
0.0439194139194139,-1.1718238281249994e-06
0.04472527472527488,1.7578607421874963e-06
0.045531135531135636,1.318408056640628e-06
0.046336996336996394,3.7598118652343754e-06
0.04714285714285715,1.5137203613281258e-06
0.047948717948718134,-4.3940268554688087e-07
0.04875457875457889,4.887807617187434e-08
0.04956043956043965,7.714886035156248e-06
0.05036630036630041,3.466843408203125e-06
0.05117216117216117,-3.905746093750011e-07
0.05197802197802215,-1.2206519042968722e-06
0.05278388278388291,3.02739072265625e-06
0.053589743589743666,2.0508291992187463e-06
0.054395604395604424,3.8086399414062482e-06
0.05520146520146518,1.2695799804687481e-06
0.056007326007326164,-8.788553710937491e-07
0.05681318681318692,2.7832503417968724e-06
0.05761904761904768,5.56645068359375e-06
0.05842490842490844,3.2227030273437477e-06
0.05923076923076942,-1.0253395996093743e-06
0.06003663003663018,9.277834472656252e-07
0.06084249084249094,2.5391099609375017e-06
0.061648351648351696,5.126997998046875e-06
0.062454212454212454,3.2227030273437477e-06
0.06326007326007344,1.4160642089843733e-06
0.0640659340659342,3.906746093749973e-07
0.06487179487179495,3.466843408203125e-06
0.06567765567765571,4.345748779296876e-06
0.06648351648351647,3.8086399414062482e-06
0.06728937728937745,-1.3183080566406317e-06
0.06809523809523821,4.3950268554687707e-07
0.06890109890109897,3.369187255859373e-06
0.06970695970695973,7.080121044921874e-06
0.0705128205128207,-1.1718238281249994e-06
0.07131868131868146,-4.882307617187465e-07
0.07212454212454222,-1.4643422851562348e-07
0.07293040293040298,5.224654150390627e-06
0.07373626373626374,2.9785626464843703e-06
0.07454212454212472,3.9062960937500006e-06
0.07534798534798548,-9.27683447265629e-07
0.07615384615384624,2.0508291992187463e-06
0.076959706959707,3.4180153320312524e-06
0.07776556776556776,3.8574680175781206e-06
0.07857142857142874,1.8555168945312486e-06
0.0793772893772895,1.9536230468749947e-07
0.08018315018315025,8.789553710937454e-07
0.08098901098901101,6.396527978515621e-06
0.08179487179487199,3.9062960937500006e-06
0.08260073260073275,5.0000000001659824e-11
0.08340659340659351,4.887807617187434e-08
0.08421245421245427,1.9043449707031214e-06
0.08501831501831503,2.0508291992187463e-06
0.08582417582417601,4.394576855468749e-06
0.08663003663003677,1.9043449707031214e-06
0.08743589743589752,-1.611276513671875e-06
0.08824175824175828,6.396527978515621e-06
0.08904761904761904,5.419966455078125e-06
0.08985347985348002,4.736373388671872e-06
0.09065934065934078,-1.269479980468752e-06
0.09146520146520154,1.660204589843751e-06
0.0922710622710623,2.099657275390619e-06
0.09307692307692306,6.005903369140618e-06
0.09388278388278404,3.2227030273437477e-06
0.0946886446886448,2.8809064941406247e-06
0.09549450549450555,6.348149902343678e-07
0.09630036630036631,2.9785626464843703e-06
0.0971062271062273,4.931685693359369e-06
0.09791208791208805,4.492233007812501e-06
0.09871794871794881,-3.2226030273437513e-06
0.09952380952380957,6.348149902343678e-07
0.10032967032967033,4.492233007812501e-06
0.10113553113553131,6.347699902343748e-06
0.10194139194139207,1.0742676757812502e-06
0.10274725274725283,2.1973134277343786e-06
0.10355311355311358,4.887807617187434e-08
0.10435897435897434,3.320359179687493e-06
0.10516483516483532,4.443404931640621e-06
0.10597069597069608,1.806688818359376e-06
0.10677655677655684,-1.1229957519531268e-06
0.1075824175824176,1.318408056640628e-06
0.10838827838827858,6.201215673828123e-06
0.10919413919413934,3.6133276367187503e-06
0.1100000000000001,1.953173046875001e-06
0.11080586080586086,-4.3940268554688087e-07
0.11161172161172161,1.3672361328124935e-06
0.1124175824175826,2.5391099609375017e-06
0.11322344322344335,4.492233007812501e-06
0.11402930402930411,1.5137203613281258e-06
0.11483516483516487,4.887807617187434e-08
0.11564102564102563,5.859869140625022e-07
0.11644688644688661,7.226605273437499e-06
0.11725274725274737,3.955124169921874e-06
0.11805860805860813,6.348149902343678e-07
0.11886446886446889,-2.0019011230468776e-06
0.11967032967032987,5.56645068359375e-06
0.12047619047619063,3.7598118652343754e-06
0.12128205128205138,4.931685693359369e-06
0.12208791208791214,1.0254395996093705e-06
0.1228937728937729,1.6113765136718712e-06
0.12369963369963388,1.4160642089843733e-06
0.12450549450549464,6.054731445312498e-06
0.1253113553113554,3.9062960937500006e-06
0.12611721611721616,-4.3940268554688087e-07
0.12692307692307692,7.324711425781274e-07
0.1277289377289379,3.515671484374998e-06
0.12853479853479866,5.56645068359375e-06
0.12934065934065941,3.6133276367187503e-06
0.13014652014652017,2.490281884765622e-06
0.13095238095238093,1.2695799804687481e-06
0.1317582417582419,3.466843408203125e-06
0.13256410256410267,5.224654150390627e-06
0.13336996336996343,4.394576855468749e-06
0.1341758241758242,-2.587838037109378e-06
0.13498168498168517,1.1719238281249956e-06
0.13578754578754593,4.882857617187504e-06
0.13659340659340669,6.640668359374998e-06
0.13739926739926744,5.859869140625022e-07
0.1382051282051282,2.1973134277343786e-06
0.13901098901098918,2.4419038085937927e-07
0.13981684981684994,3.369187255859373e-06
0.1406227106227107,4.443404931640621e-06
0.14142857142857146,2.099657275390619e-06
0.14223443223443222,-1.1718238281249994e-06
0.1430402930402932,7.812992187500001e-07
0.14384615384615396,6.347699902343748e-06
0.14465201465201472,4.1504364746093784e-06
0.14545787545787547,2.002001123046874e-06
0.14626373626373645,-4.8778076171878125e-08
0.1470695970695972,2.002001123046874e-06
0.14787545787545797,2.4414538085937493e-06
0.14868131868131873,3.710983789062496e-06
0.1494871794871795,1.7090326660156235e-06
0.15029304029304047,4.3950268554687707e-07
0.15109890109890123,4.887807617187434e-08
0.151904761904762,7.763714111328127e-06
0.15271062271062275,4.492233007812501e-06
0.1535164835164835,8.301272949218728e-07
0.15432234432234448,-1.3183080566406317e-06
0.15512820512820524,4.931685693359369e-06
0.155934065934066,3.2227030273437477e-06
0.15673992673992676,4.687545312499999e-06
0.15754578754578774,1.5137203613281258e-06
0.1583516483516485,1.3672361328124935e-06
0.15915750915750926,2.002001123046874e-06
0.15996336996337002,6.15238759765625e-06
0.16076923076923078,4.443404931640621e-06
0.16157509157509176,-1.4643422851562348e-07
0.16238095238095251,1.5137203613281258e-06
0.16318681318681327,2.7832503417968724e-06
0.16399267399267403,5.56645068359375e-06
0.1647985347985348,4.541061083984374e-06
0.16560439560439577,2.0508291992187463e-06
0.16641025641025653,7.812992187500001e-07
0.1672161172161173,3.8086399414062482e-06
0.16802197802197805,5.224654150390627e-06
0.1688278388278388,4.394576855468749e-06
0.16963369963369979,-7.32371142578124e-07
0.17043956043956054,7.324711425781274e-07
0.1712454212454213,3.9062960937500006e-06
0.17205128205128206,7.226605273437499e-06
0.17285714285714304,-1.074167675781254e-06
0.1736630036630038,2.9301845703124485e-07
0.17446886446886456,7.324711425781274e-07
0.17527472527472532,4.931685693359369e-06
0.17608058608058608,3.2715311035156273e-06
0.17688644688644706,4.345748779296876e-06
0.17769230769230782,-4.3940268554688087e-07
0.17849816849816857,1.8555168945312486e-06
0.17930402930402933,3.8574680175781206e-06
0.1801098901098901,4.394576855468749e-06
0.18091575091575107,2.685594189453127e-06
0.18172161172161183,1.465342285156197e-07
0.1825274725274726,1.0254395996093705e-06
0.18333333333333335,5.859419140625e-06
0.18413919413919433,4.541061083984374e-06
0.1849450549450551,1.0742676757812502e-06
0.18575091575091585,3.906746093749973e-07
0.1865567765567766,1.660204589843751e-06
0.18736263736263736,4.296920703124996e-06
0.18816849816849834,4.736373388671872e-06
0.1889743589743591,2.099657275390619e-06
0.18978021978021986,-1.269479980468752e-06
0.19058608058608062,6.787152587890624e-06
0.19139194139194138,5.322310302734373e-06
0.19219780219780236,5.0781699218750015e-06
0.19300366300366312,-2.440903808593759e-07
0.19380952380952388,2.294969580078124e-06
0.19461538461538463,1.7578607421874963e-06
0.19542124542124562,5.61527875976563e-06
0.19622710622710637,4.199264550781244e-06
0.19703296703296713,3.2227030273437477e-06
0.1978388278388279,1.2695799804687481e-06
0.19864468864468865,3.02739072265625e-06
0.19945054945054963,5.175826074218747e-06
0.2002564102564104,5.175826074218747e-06
0.19945054945054963,-1.6601045898437547e-06
0.19864468864468865,9.770615234374701e-08
0.1978388278388279,4.882857617187504e-06
0.19703296703296713,5.859419140625e-06
0.19622710622710637,3.0762187988281226e-06
0.19542124542124562,3.7598118652343754e-06
0.19461538461538463,9.770615234374701e-08
0.19380952380952388,2.3926257324218765e-06
0.19300366300366312,5.371138378906252e-06
0.19219780219780236,5.371588378906224e-07
0.19139194139194138,-7.811992187500038e-07
0.19058608058608062,5.859869140625022e-07
0.18978021978021986,6.250043749999996e-06
0.1889743589743591,3.369187255859373e-06
0.18816849816849834,1.9043449707031214e-06
0.18736263736263736,-3.905746093750011e-07
0.1865567765567766,1.5137203613281258e-06
0.18575091575091585,1.6113765136718712e-06
0.1849450549450551,3.1250468749999954e-06
0.18413919413919433,1.8555168945312486e-06
0.18333333333333335,2.9301845703124485e-07
0.1825274725274726,-3.905746093750011e-07
0.18172161172161183,7.8125421875e-06
0.18091575091575107,4.248092626953124e-06
0.1801098901098901,1.9536230468749947e-07
0.17930402930402933,-1.269479980468752e-06
0.17849816849816857,3.515671484374998e-06
0.17769230769230782,2.099657275390619e-06
0.17688644688644706,4.1016083984374985e-06
0.17608058608058608,1.7578607421874963e-06
0.17527472527472532,5.0000000001659824e-11
0.17446886446886456,2.294969580078124e-06
0.1736630036630038,5.419966455078125e-06
0.17285714285714304,2.8320784179687447e-06
0.17205128205128206,-8.788553710937491e-07
0.1712454212454213,1.123095751953123e-06
0.17043956043956054,2.490281884765622e-06
0.16963369963369979,4.589889160156247e-06
0.1688278388278388,3.02739072265625e-06
0.16802197802197805,1.4160642089843733e-06
0.1672161172161173,6.348149902343678e-07
0.16641025641025653,3.2227030273437477e-06
0.16560439560439577,3.662155712890623e-06
0.1647985347985348,3.710983789062496e-06
0.16399267399267403,-1.0253395996093743e-06
0.16318681318681327,9.770615234374701e-08
0.16238095238095251,3.02739072265625e-06
0.16157509157509176,5.419966455078125e-06
0.16076923076923078,-2.1972134277343755e-06
0.15996336996337002,-1.4643422851562348e-07
0.15915750915750926,-3.417465332031284e-07
0.1583516483516485,4.296920703124996e-06
0.15754578754578774,2.4414538085937493e-06
0.15673992673992676,3.9062960937500006e-06
0.155934065934066,-1.074167675781254e-06
0.15512820512820524,7.324711425781274e-07
0.15432234432234448,2.002001123046874e-06
0.1535164835164835,3.8086399414062482e-06
0.15271062271062275,1.8555168945312486e-06
0.151904761904762,-9.765115234375017e-07
0.15109890109890123,-1.4643422851562348e-07
0.15029304029304047,6.347699902343748e-06
0.1494871794871795,3.662155712890623e-06
0.14868131868131873,-3.905746093750011e-07
0.14787545787545797,-8.788553710937491e-07
0.1470695970695972,8.789553710937454e-07
0.14626373626373645,1.2207519042968756e-06
0.14545787545787547,3.4180153320312524e-06
0.14465201465201472,1.318408056640628e-06
0.14384615384615396,-2.0019011230468776e-06
0.1430402930402932,5.273482226562493e-06
0.14223443223443222,4.1016083984374985e-06
0.14142857142857146,3.1250468749999954e-06
0.1406227106227107,-2.2460415039062482e-06
0.13981684981684994,8.301272949218728e-07
0.13901098901098918,1.0254395996093705e-06
0.1382051282051282,4.296920703124996e-06
0.13739926739926744,2.5391099609375017e-06
0.13659340659340669,2.4414538085937493e-06
0.13578754578754593,-6.835430664062513e-07
0.13498168498168517,1.5625484374999984e-06
0.1341758241758242,3.2715311035156273e-06
0.13336996336996343,3.8086399414062482e-06
0.13256410256410267,-3.906196093749997e-06
0.1317582417582419,3.906746093749973e-07
0.13095238095238093,3.8574680175781206e-06
0.13014652014652017,4.541061083984374e-06
0.12934065934065941,6.348149902343678e-07
0.12853479853479866,2.343797656249997e-06
0.1277289377289379,-1.2206519042968722e-06
0.12692307692307692,1.5137203613281258e-06
0.12611721611721616,4.394576855468749e-06
0.1253113553113554,-8.300272949218765e-07
0.12450549450549464,-2.929634570312501e-06
0.12369963369963388,3.418465332031246e-07
0.1228937728937729,5.5176226074218705e-06
0.12208791208791214,2.343797656249997e-06
0.12128205128205138,8.789553710937454e-07
0.12047619047619063,-1.2206519042968722e-06
0.11967032967032987,6.836430664062475e-07
0.11886446886446889,6.836430664062475e-07
0.11805860805860813,2.5879380371093745e-06
0.11725274725274737,7.324711425781274e-07
0.11644688644688661,-8.300272949218765e-07
0.11564102564102563,-9.765115234375017e-07
0.11483516483516487,6.8848087402343694e-06
0.11402930402930411,3.0762187988281226e-06
0.11322344322344335,-6.835430664062513e-07
0.1124175824175826,-2.4901818847656257e-06
0.11161172161172161,2.9297345703125047e-06
0.11080586080586086,1.4160642089843733e-06
0.1100000000000001,3.369187255859373e-06
0.10919413919413934,5.859869140625022e-07
0.10838827838827858,-4.3940268554688087e-07
0.1075824175824176,1.660204589843751e-06
0.10677655677655684,4.492233007812501e-06
0.10597069597069608,3.02739072265625e-06
0.10516483516483532,-2.0507291992187575e-06
0.10435897435897434,-1.9526230468750327e-07
0.10355311355311358,1.4160642089843733e-06
0.10274725274725283,4.248092626953124e-06
0.10194139194139207,1.7578607421874963e-06
0.10113553113553131,1.3672361328124935e-06
0.10032967032967033,3.906746093749973e-07
0.09952380952380957,2.002001123046874e-06
0.09871794871794881,3.0762187988281226e-06
0.09791208791208805,3.466843408203125e-06
0.0971062271062273,-3.5155714843750016e-06
0.09630036630036631,-6.347149902343716e-07
0.09549450549450555,2.8809064941406247e-06
0.0946886446886448,5.224654150390627e-06
0.09388278388278404,-1.074167675781254e-06
0.09307692307692306,5.0000000001659824e-11
0.0922710622710623,-1.415964208984377e-06
0.09146520146520154,2.5391099609375017e-06
0.09065934065934078,2.3926257324218765e-06
0.08985347985348002,2.5879380371093745e-06
0.08904761904761904,-2.734322265625003e-06
0.08824175824175828,2.4419038085937927e-07
0.08743589743589752,2.4414538085937493e-06
0.08663003663003677,2.7344222656249996e-06
0.08582417582417601,8.301272949218728e-07
0.08501831501831503,-2.1972134277343755e-06
0.08421245421245427,2.9301845703124485e-07
0.08340659340659351,3.369187255859373e-06
0.08260073260073275,2.490281884765622e-06
0.08179487179487199,-1.074167675781254e-06
0.08098901098901101,-1.7577607421875e-06
0.08018315018315025,1.9536230468749947e-07
0.0793772893772895,2.5391099609375017e-06
0.07857142857142874,2.7832503417968724e-06
0.07776556776556776,9.770615234374701e-08
0.076959706959707,-3.4179153320312492e-06
0.07615384615384624,5.273482226562493e-06
0.07534798534798548,3.8086399414062482e-06
0.07454212454212472,2.7344222656249996e-06
0.07373626373626374,-2.636666113281251e-06
0.07293040293040298,4.887807617187434e-08
0.07212454212454222,8.301272949218728e-07
0.07131868131868146,3.9062960937500006e-06
0.0705128205128207,1.5137203613281258e-06
0.06970695970695973,1.3672361328124935e-06
0.06890109890109897,-1.3183080566406317e-06
0.06809523809523821,1.3672361328124935e-06
0.06728937728937745,3.1250468749999954e-06
0.06648351648351647,3.2227030273437477e-06
0.06567765567765571,-5.0292418457031256e-06
0.06487179487179495,-9.765115234375017e-07
0.0640659340659342,2.8809064941406247e-06
0.06326007326007344,4.931685693359369e-06
0.062454212454212454,-1.3183080566406317e-06
0.061648351648351696,-5.370588378906262e-07
0.06084249084249094,-1.6601045898437547e-06
0.06003663003663018,2.0508291992187463e-06
0.05923076923076942,1.8555168945312486e-06
0.05842490842490844,1.660204589843751e-06
0.05761904761904768,-2.8319784179687487e-06
0.05681318681318692,-2.440903808593759e-07
0.056007326007326164,3.466843408203125e-06
0.05520146520146518,2.002001123046874e-06
0.054395604395604424,9.770615234374701e-08
0.053589743589743666,-1.7577607421875e-06
0.05278388278388291,-3.417465332031284e-07
0.05197802197802215,2.343797656249997e-06
0.05117216117216117,2.099657275390619e-06
0.05036630036630041,-1.074167675781254e-06
0.04956043956043965,-1.269479980468752e-06
0.04875457875457889,-8.300272949218765e-07
0.047948717948718134,3.1250468749999954e-06
0.04714285714285715,2.490281884765622e-06
0.046336996336996394,-6.347149902343716e-07
0.045531135531135636,-4.0526803222656225e-06
0.04472527472527488,4.394576855468749e-06
0.0439194139194139,3.369187255859373e-06
0.04311355311355314,2.7344222656249996e-06
0.04230769230769238,-2.587838037109378e-06
0.04150183150183162,-2.440903808593759e-07
0.04069597069597086,-4.882307617187465e-07
0.03989010989010988,3.7598118652343754e-06
0.03908424908424912,1.5625484374999984e-06
0.038278388278388364,4.3950268554687707e-07
0.037472527472527606,-1.269479980468752e-06
0.03666666666666685,9.766115234374979e-07
0.03586080586080587,3.173874951171875e-06
0.03505494505494511,2.0508291992187463e-06
0.03424908424908435,-4.589789160156251e-06
0.03344322344322359,-1.1229957519531268e-06
0.03263736263736283,3.0762187988281226e-06
0.03183150183150185,3.662155712890623e-06
0.031025641025641093,7.812992187500001e-07
0.030219780219780334,1.0742676757812502e-06
0.029413919413919576,-1.7577607421875e-06
0.028608058608058595,6.836430664062475e-07
0.027802197802197837,4.1504364746093784e-06
0.026996336996337078,-2.8319784179687487e-06
0.02619047619047632,-3.027290722656254e-06
0.02538461538461556,-1.7577607421875e-06
0.02457875457875458,4.7852014648437445e-06
0.02377289377289382,1.4160642089843733e-06
0.022967032967033063,2.4419038085937927e-07
0.022161172161172304,-2.734322265625003e-06
0.021355311355311546,-1.4643422851562348e-07
0.020549450549450565,1.9536230468749947e-07
0.019743589743589807,2.099657275390619e-06
0.018937728937729048,-3.417465332031284e-07
0.01813186813186829,-2.0019011230468776e-06
0.01732600732600731,-1.8554168945312524e-06
0.01652014652014655,6.347699902343748e-06
0.01571428571428579,2.5391099609375017e-06
0.014908424908425033,-2.3925257324218806e-06
0.014102564102564275,-3.2714311035156313e-06
0.013296703296703294,1.660204589843751e-06
0.012490842490842535,2.4419038085937927e-07
0.011684981684981777,2.002001123046874e-06
0.010879120879121018,-1.9526230468750327e-07
0.01007326007326026,-2.2460415039062482e-06
0.009267399267399279,2.3926257324218765e-06
0.00846153846153852,3.8086399414062482e-06
0.007655677655677762,1.464892285156253e-06
0.006849816849817003,-3.808539941406252e-06
0.0060439560439560225,-1.269479980468752e-06
0.005238095238095264,3.418465332031246e-07
0.004432234432234505,3.8086399414062482e-06
0.0036263736263737467,1.0254395996093705e-06
0.002820512820512988,1.465342285156197e-07
0.0020146520146520075,-1.3183080566406317e-06
0.001208791208791249,1.123095751953123e-06
0.0004029304029304903,2.5879380371093745e-06
-0.00040293040293026827,1.5625484374999984e-06
-0.0012087912087910269,-5.322210302734376e-06
-0.0020146520146520075,-1.611276513671875e-06
-0.002820512820512766,2.2461415039062442e-06
-0.0036263736263735247,4.296920703124996e-06
-0.004432234432234283,-1.9042449707031252e-06
-0.005238095238095042,-1.1718238281249994e-06
-0.0060439560439560225,-2.734322265625003e-06
-0.006849816849816781,1.5625484374999984e-06
-0.00765567765567754,1.660204589843751e-06
-0.008461538461538298,1.0254395996093705e-06
-0.009267399267399279,-3.906196093749997e-06
-0.010073260073260037,-1.3183080566406317e-06
-0.010879120879120796,2.6367661132812472e-06
-0.011684981684981555,1.4160642089843733e-06
-0.012490842490842313,-6.835430664062513e-07
-0.013296703296703294,-3.320259179687497e-06
-0.014102564102564052,-1.3671361328124973e-06
-0.014908424908424811,2.3926257324218765e-06
-0.01571428571428557,1.1719238281249956e-06
-0.016520146520146328,-2.0507291992187575e-06
-0.01732600732600731,-2.441353808593746e-06
-0.018131868131868067,-1.3183080566406317e-06
-0.018937728937728826,2.148485351562499e-06
-0.019743589743589585,1.7090326660156235e-06
-0.020549450549450565,-1.3183080566406317e-06
-0.021355311355311324,-4.589789160156251e-06
-0.022161172161172082,4.0527803222656185e-06
-0.02296703296703284,2.5391099609375017e-06
-0.0237728937728936,1.7090326660156235e-06
-0.02457875457875458,-3.857368017578125e-06
-0.02538461538461534,-7.811992187500038e-07
-0.026190476190476097,-8.300272949218765e-07
-0.026996336996336856,2.6367661132812472e-06
-0.027802197802197615,2.4419038085937927e-07
-0.028608058608058595,-1.9526230468750327e-07
-0.029413919413919354,-2.099557275390623e-06
-0.030219780219780112,1.9536230468749947e-07
-0.03102564102564087,2.148485351562499e-06
-0.03183150183150185,1.3672361328124935e-06
-0.03263736263736261,-5.859319140624997e-06
-0.03344322344322337,-2.099557275390623e-06
-0.03424908424908413,2.294969580078124e-06
-0.035054945054944886,3.369187255859373e-06
-0.03586080586080587,-1.0253395996093743e-06
-0.036666666666666625,1.465342285156197e-07
-0.037472527472527384,-2.294869580078128e-06
-0.03827838827838814,2.9301845703124485e-07
-0.0390842490842489,3.02739072265625e-06
-0.03989010989010988,-3.808539941406252e-06
-0.04069597069597064,-3.808539941406252e-06
-0.0415018315018314,-2.5390099609375057e-06
-0.04230769230769216,4.1016083984374985e-06
-0.043113553113552916,9.770615234374701e-08
-0.0439194139194139,-6.347149902343716e-07
-0.044725274725274655,-3.955024169921877e-06
-0.045531135531135414,-6.347149902343716e-07
-0.04633699633699617,-6.835430664062513e-07
-0.04714285714285715,1.0254395996093705e-06
-0.04794871794871791,-1.4647922851562498e-06
-0.04875457875457867,-2.929634570312501e-06
-0.04956043956043943,-1.7577607421875e-06
-0.05036630036630019,5.371138378906252e-06
-0.05117216117216117,8.789553710937454e-07
-0.05197802197802193,-2.978462646484374e-06
-0.052783882783882685,-4.150336474609375e-06
-0.053589743589743444,4.883307617187497e-07
-0.0543956043956042,-3.905746093750011e-07
-0.05520146520146518,1.7090326660156235e-06
-0.05600732600732594,-1.1229957519531268e-06
-0.0568131868131867,-2.929634570312501e-06
-0.05761904761904746,1.806688818359376e-06
-0.05842490842490844,2.2461415039062442e-06
-0.0592307692307692,4.3950268554687707e-07
-0.06003663003662996,-4.492133007812505e-06
-0.060842490842490715,-1.9042449707031252e-06
-0.061648351648351474,4.887807617187434e-08
-0.062454212454212454,2.294969580078124e-06
-0.06326007326007321,2.9301845703124485e-07
-0.06406593406593397,-2.929184570312486e-07
-0.06487179487179473,-1.7577607421875e-06
-0.06567765567765549,3.418465332031246e-07
-0.06648351648351647,1.5625484374999984e-06
-0.06728937728937723,8.301272949218728e-07
-0.06809523809523799,-6.152287597656254e-06
-0.06890109890109875,-2.4901818847656257e-06
-0.06970695970695973,1.5625484374999984e-06
-0.07051282051282048,3.320359179687493e-06
-0.07131868131868124,-3.7108837890624995e-06
-0.072124542124542,-2.4901818847656257e-06
-0.07293040293040276,-2.734322265625003e-06
-0.07373626373626374,1.2695799804687481e-06
-0.0745421245421245,5.0000000001659824e-11
-0.07534798534798526,3.906746093749973e-07
-0.07615384615384602,-4.296820703125e-06
-0.07695970695970678,-9.27683447265629e-07
-0.07776556776556776,1.2207519042968756e-06
-0.07857142857142851,8.301272949218728e-07
-0.07937728937728927,-1.611276513671875e-06
-0.08018315018315003,-3.124946875000006e-06
-0.08098901098901101,-1.8065888183593799e-06
-0.08179487179487177,2.4414538085937493e-06
-0.08260073260073253,3.418465332031246e-07
-0.08340659340659329,-2.8808064941406283e-06
-0.08421245421245405,-3.124946875000006e-06
-0.08501831501831503,-2.1972134277343755e-06
-0.08582417582417579,4.3950268554687707e-07
-0.08663003663003654,1.318408056640628e-06
-0.0874358974358973,-1.9042449707031252e-06
-0.08824175824175806,-5.224554150390631e-06
-0.08904761904761904,3.2227030273437477e-06
-0.0898534798534798,1.8555168945312486e-06
-0.09065934065934056,9.766115234374979e-07
-0.09146520146520132,-4.1015083984375025e-06
-0.09227106227106208,-1.8554168945312524e-06
-0.09307692307692306,-1.415964208984377e-06
-0.09388278388278382,2.099657275390619e-06
-0.09468864468864457,-3.417465332031284e-07
-0.09549450549450533,-7.811992187500038e-07
-0.09630036630036631,-2.3925257324218806e-06
-0.09710622710622707,-2.929184570312486e-07
-0.09791208791208783,1.0254395996093705e-06
-0.09871794871794859,1.2207519042968756e-06
-0.09952380952380935,-5.712834912109379e-06
-0.10032967032967033,-2.5390099609375057e-06
-0.09952380952380935,1.3672361328124935e-06
-0.09871794871794859,2.002001123046874e-06
-0.09791208791208783,-6.835430664062513e-07
-0.09710622710622707,1.465342285156197e-07
-0.09630036630036631,-2.636666113281251e-06
-0.09549450549450533,-3.905746093750011e-07
-0.09468864468864457,2.5391099609375017e-06
-0.09388278388278382,-3.808539941406252e-06
-0.09307692307692306,-3.1737749511718718e-06
-0.09227106227106208,-2.3436976562500006e-06
-0.09146520146520132,3.710983789062496e-06
-0.09065934065934056,4.3950268554687707e-07
-0.0898534798534798,-2.929184570312486e-07
-0.08904761904761904,-3.076118798828126e-06
-0.08824175824175806,-7.811992187500038e-07
-0.0874358974358973,-7.811992187500038e-07
-0.08663003663003654,1.5625484374999984e-06
-0.08582417582417579,-8.300272949218765e-07
-0.08501831501831503,-2.5390099609375057e-06
-0.08421245421245405,-1.8554168945312524e-06
-0.08340659340659329,5.371138378906252e-06
-0.08260073260073253,1.1719238281249956e-06
-0.08179487179487177,-2.783150341796876e-06
-0.08098901098901101,-2.734322265625003e-06
-0.08018315018315003,3.906746093749973e-07
-0.07937728937728927,-6.835430664062513e-07
-0.07857142857142851,2.5879380371093745e-06
-0.07776556776556776,-1.9526230468750327e-07
-0.07695970695970678,-2.4901818847656257e-06
-0.07615384615384602,2.148485351562499e-06
-0.07534798534798526,3.466843408203125e-06
-0.0745421245421245,1.1719238281249956e-06
-0.07373626373626374,-3.7597118652343794e-06
-0.07293040293040276,-1.3183080566406317e-06
-0.072124542124542,7.324711425781274e-07
-0.07131868131868124,3.369187255859373e-06
-0.07051282051282048,5.371588378906224e-07
-0.06970695970695973,2.4419038085937927e-07
-0.06890109890109875,-8.788553710937491e-07
-0.06809523809523799,1.5137203613281258e-06
-0.06728937728937723,2.148485351562499e-06
-0.06648351648351647,1.806688818359376e-06
-0.06567765567765549,-4.7851014648437485e-06
-0.06487179487179473,-1.3183080566406317e-06
-0.06406593406593397,2.294969580078124e-06
-0.06326007326007321,4.1016083984374985e-06
-0.062454212454212454,-1.8065888183593799e-06
-0.061648351648351474,-6.347149902343716e-07
-0.060842490842490715,-1.9042449707031252e-06
-0.06003663003662996,1.806688818359376e-06
-0.0592307692307692,1.6113765136718712e-06
-0.05842490842490844,1.318408056640628e-06
-0.05761904761904746,-3.2226030273437513e-06
-0.0568131868131867,-4.8778076171878125e-08
-0.05600732600732594,3.02739072265625e-06
-0.05520146520146518,1.4160642089843733e-06
-0.0543956043956042,-2.440903808593759e-07
-0.053589743589743444,-2.0019011230468776e-06
-0.052783882783882685,-4.3940268554688087e-07
-0.05197802197802193,1.660204589843751e-06
-0.05117216117216117,1.806688818359376e-06
-0.05036630036630019,-7.32371142578124e-07
-0.04956043956043943,-1.269479980468752e-06
-0.04875457875457867,-7.32371142578124e-07
-0.04794871794871791,3.2715311035156273e-06
-0.04714285714285715,2.099657275390619e-06
-0.04633699633699617,-4.3940268554688087e-07
-0.045531135531135414,-4.247992626953127e-06
-0.044725274725274655,4.248092626953124e-06
-0.0439194139194139,3.173874951171875e-06
-0.043113553113552916,2.7832503417968724e-06
-0.04230769230769216,-1.7577607421875e-06
-0.0415018315018314,3.906746093749973e-07
-0.04069597069597064,-8.300272949218765e-07
-0.03989010989010988,3.7598118652343754e-06
-0.0390842490842489,1.2207519042968756e-06
-0.03827838827838814,-9.27683447265629e-07
-0.037472527472527384,-1.2206519042968722e-06
-0.036666666666666625,1.0742676757812502e-06
-0.03586080586080587,3.4180153320312524e-06
-0.035054945054944886,2.4414538085937493e-06
-0.03424908424908413,-2.587838037109378e-06
-0.03344322344322337,-7.32371142578124e-07
-0.03263736263736261,2.9297345703125047e-06
-0.03183150183150185,3.4180153320312524e-06
-0.03102564102564087,1.3672361328124935e-06
-0.030219780219780112,3.418465332031246e-07
-0.029413919413919354,-1.1229957519531268e-06
-0.028608058608058595,1.5137203613281258e-06
-0.027802197802197615,4.980513769531249e-06
-0.026996336996336856,-2.734322265625003e-06
-0.026190476190476097,-2.099557275390623e-06
-0.02538461538461534,-6.835430664062513e-07
-0.02457875457875458,4.980513769531249e-06
-0.0237728937728936,1.3672361328124935e-06
-0.02296703296703284,9.277834472656252e-07
-0.022161172161172082,-1.8065888183593799e-06
-0.021355311355311324,4.887807617187434e-08
-0.020549450549450565,7.324711425781274e-07
-0.019743589743589585,2.0508291992187463e-06
-0.018937728937728826,4.883307617187497e-07
-0.018131868131868067,-1.3183080566406317e-06
-0.01732600732600731,-6.835430664062513e-07
-0.016520146520146328,6.543012207031246e-06
-0.01571428571428557,2.7832503417968724e-06
-0.014908424908424811,-1.269479980468752e-06
-0.014102564102564052,-1.5624484375000022e-06
-0.013296703296703294,4.887807617187434e-08
-0.012490842490842313,2.9301845703124485e-07
-0.011684981684981555,2.9297345703125047e-06
-0.010879120879120796,3.906746093749973e-07
-0.010073260073260037,-2.5390099609375057e-06
-0.009267399267399279,4.687545312499999e-06
-0.008461538461538298,3.8086399414062482e-06
-0.00765567765567754,3.0762187988281226e-06
-0.006849816849816781,-2.8319784179687487e-06
-0.0060439560439560225,8.301272949218728e-07
-0.005238095238095042,1.0742676757812502e-06
-0.004432234432234283,4.248092626953124e-06
-0.0036263736263735247,1.806688818359376e-06
-0.002820512820512766,1.5137203613281258e-06
-0.0020146520146520075,-7.32371142578124e-07
-0.0012087912087910269,1.5625484374999984e-06
-0.00040293040293026827,4.1016083984374985e-06
0.0004029304029304903,2.490281884765622e-06
0.001208791208791249,-3.3690872558593764e-06
0.0020146520146520075,-3.417465332031284e-07
0.002820512820512988,3.662155712890623e-06
0.0036263736263737467,4.1016083984374985e-06
0.004432234432234505,2.2461415039062442e-06
0.005238095238095264,8.789553710937454e-07
0.0060439560439560225,-3.905746093750011e-07
0.006849816849817003,2.3926257324218765e-06
0.007655677655677762,5.56645068359375e-06
0.00846153846153852,-2.636666113281251e-06
0.009267399267399279,-1.2206519042968722e-06
0.01007326007326026,-1.074167675781254e-06
0.010879120879121018,4.980513769531249e-06
0.011684981684981777,2.148485351562499e-06
0.012490842490842535,2.7344222656249996e-06
0.013296703296703294,-1.8065888183593799e-06
0.014102564102564275,7.812992187500001e-07
0.014908424908425033,1.953173046875001e-06
0.01571428571428579,3.2715311035156273e-06
0.01652014652014655,1.0254395996093705e-06
0.01732600732600731,-1.1229957519531268e-06
0.01813186813186829,1.465342285156197e-07
0.018937728937729048,6.005903369140618e-06
0.019743589743589807,3.1250468749999954e-06
0.020549450549450565,-1.1229957519531268e-06
0.021355311355311546,-1.2206519042968722e-06
0.022161172161172304,2.9301845703124485e-07
0.022967032967033063,1.7578607421874963e-06
0.02377289377289382,3.6133276367187503e-06
0.02457875457875458,1.0254395996093705e-06
0.02538461538461556,-2.587838037109378e-06
0.02619047619047632,5.957075292968752e-06
0.026996336996337078,4.492233007812501e-06
0.027802197802197837,3.955124169921874e-06
0.028608058608058595,-1.8065888183593799e-06
0.029413919413919576,8.789553710937454e-07
0.030219780219780334,7.324711425781274e-07
0.031025641025641093,4.931685693359369e-06
0.03183150183150185,2.3926257324218765e-06
0.03263736263736283,1.2695799804687481e-06
0.03344322344322359,5.0000000001659824e-11
0.03424908424908435,2.148485351562499e-06
0.03505494505494511,4.541061083984374e-06
0.03586080586080587,3.2227030273437477e-06
0.03666666666666685,-2.4901818847656257e-06
0.037472527472527606,-9.76061523437508e-08
0.038278388278388364,4.394576855468749e-06
0.03908424908424912,4.394576855468749e-06
0.03989010989010988,2.9785626464843703e-06
0.04069597069597086,1.5625484374999984e-06
0.04150183150183162,-5.85886914062506e-07
0.04230769230769238,2.4414538085937493e-06
0.04311355311355314,6.201215673828123e-06
0.0439194139194139,-2.441353808593746e-06
0.04472527472527488,-1.6601045898437547e-06
0.045531135531135636,-3.417465332031284e-07
0.046336996336996394,5.761762988281248e-06
0.04714285714285715,2.7344222656249996e-06
0.047948717948718134,2.1973134277343786e-06
0.04875457875457889,-9.765115234375017e-07
0.04956043956043965,1.2695799804687481e-06
0.05036630036630041,1.8555168945312486e-06
0.05117216117216117,3.2227030273437477e-06
0.05197802197802215,1.318408056640628e-06
0.05278388278388291,-5.370588378906262e-07
0.053589743589743666,-1.9526230468750327e-07
0.054395604395604424,7.275433349609372e-06
0.05520146520146518,3.515671484374998e-06
0.056007326007326164,-4.882307617187465e-07
0.05681318681318692,-1.2206519042968722e-06
0.05761904761904768,1.3672361328124935e-06
0.05842490842490844,1.3672361328124935e-06
0.05923076923076942,4.492233007812501e-06
0.06003663003663018,1.123095751953123e-06
0.06084249084249094,-2.3925257324218806e-06
0.061648351648351696,5.761762988281248e-06
0.062454212454212454,4.931685693359369e-06
0.06326007326007344,3.515671484374998e-06
0.0640659340659342,-1.7089326660156203e-06
0.06487179487179495,1.2695799804687481e-06
0.06567765567765571,9.766115234374979e-07
0.06648351648351647,5.273482226562493e-06
0.06728937728937745,2.9297345703125047e-06
0.06809523809523821,1.2207519042968756e-06
0.06890109890109897,3.906746093749973e-07
0.06970695970695973,2.099657275390619e-06
0.0705128205128207,4.394576855468749e-06
0.07131868131868146,3.320359179687493e-06
0.07212454212454222,-2.294869580078128e-06
0.07293040293040298,4.3950268554687707e-07
0.07373626373626374,4.199264550781244e-06
0.07454212454212472,4.492233007812501e-06
0.07534798534798548,3.2715311035156273e-06
0.07615384615384624,1.464892285156253e-06
0.076959706959707,-4.8778076171878125e-08
0.07776556776556776,2.7832503417968724e-06
0.07857142857142874,5.61527875976563e-06
0.0793772893772895,-2.1483853515625027e-06
0.08018315018315025,-6.347149902343716e-07
0.08098901098901101,1.465342285156197e-07
0.08179487179487199,5.712934912109375e-06
0.08260073260073275,2.7344222656249996e-06
0.08340659340659351,2.685594189453127e-06
0.08421245421245427,-7.811992187500038e-07
0.08501831501831503,1.4160642089843733e-06
0.08582417582417601,1.8555168945312486e-06
0.08663003663003677,3.320359179687493e-06
0.08743589743589752,1.7090326660156235e-06
0.08824175824175828,-5.370588378906262e-07
0.08904761904761904,5.0000000001659824e-11
0.08985347985348002,7.031292968750001e-06
0.09065934065934078,3.6133276367187503e-06
0.09146520146520154,-4.882307617187465e-07
0.0922710622710623,-9.765115234375017e-07
0.09307692307692306,1.9043449707031214e-06
0.09388278388278404,1.2207519042968756e-06
0.0946886446886448,4.003952246093753e-06
0.09549450549450555,1.6113765136718712e-06
0.09630036630036631,-9.27683447265629e-07
0.0971062271062273,5.029341845703122e-06
0.09791208791208805,5.029341845703122e-06
0.09871794871794881,3.2227030273437477e-06
0.09952380952380957,-2.0019011230468776e-06
0.10032967032967033,1.123095751953123e-06
0.10113553113553131,2.2461415039062442e-06
0.10194139194139207,4.687545312499999e-06
0.10274725274725283,2.8320784179687447e-06
0.10355311355311358,2.7344222656249996e-06
0.10435897435897434,-9.76061523437508e-08
0.10516483516483532,2.3926257324218765e-06
0.10597069597069608,4.394576855468749e-06
0.10677655677655684,3.662155712890623e-06
0.1075824175824176,-3.6132276367187543e-06
0.10838827838827858,3.906746093749973e-07
0.10919413919413934,4.443404931640621e-06
0.1100000000000001,5.371138378906252e-06
0.11080586080586086,1.8555168945312486e-06
0.11161172161172161,2.8320784179687447e-06
0.1124175824175826,-2.929184570312486e-07
0.11322344322344335,2.3926257324218765e-06
0.11402930402930411,4.7852014648437445e-06
0.11483516483516487,-3.905746093750011e-07
0.11564102564102563,-1.1718238281249994e-06
0.11644688644688661,4.883307617187497e-07
0.11725274725274737,6.543012207031246e-06
0.11805860805860813,2.8320784179687447e-06
0.11886446886446889,1.7090326660156235e-06
0.11967032967032987,-7.811992187500038e-07
0.12047619047619063,9.277834472656252e-07
0.12128205128205138,1.4160642089843733e-06
0.12208791208791214,3.320359179687493e-06
0.1228937728937729,1.4160642089843733e-06
0.12369963369963388,-3.417465332031284e-07
0.12450549450549464,9.770615234374701e-08
0.1253113553113554,7.1289491210937465e-06
0.12611721611721616,3.955124169921874e-06
0.12692307692307692,2.9301845703124485e-07
0.1277289377289379,-1.9042449707031252e-06
0.12853479853479866,4.199264550781244e-06
0.12934065934065941,2.4414538085937493e-06
0.13014652014652017,4.1504364746093784e-06
0.13095238095238093,1.464892285156253e-06
0.1317582417582419,3.906746093749973e-07
0.13256410256410267,2.4414538085937493e-06
0.13336996336996343,5.419966455078125e-06
0.1341758241758242,3.4180153320312524e-06
0.13498168498168517,-1.1718238281249994e-06
0.13578754578754593,5.371588378906224e-07
0.13659340659340669,2.343797656249997e-06
0.13739926739926744,5.56645068359375e-06
0.1382051282051282,3.173874951171875e-06
0.13901098901098918,1.5625484374999984e-06
0.13981684981684994,4.3950268554687707e-07
0.1406227106227107,2.7344222656249996e-06
0.14142857142857146,4.541061083984374e-06
0.14223443223443222,3.6133276367187503e-06
0.1430402930402932,-1.5624484375000022e-06
0.14384615384615396,9.770615234374701e-08
0.14465201465201472,3.4180153320312524e-06
0.14545787545787547,6.835980664062504e-06
0.14626373626373645,-1.269479980468752e-06
0.1470695970695972,-4.3940268554688087e-07
0.14787545787545797,-4.8778076171878125e-08
0.14868131868131873,4.199264550781244e-06
0.1494871794871795,2.5391099609375017e-06
0.15029304029304047,3.8086399414062482e-06
0.15109890109890123,-9.27683447265629e-07
0.151904761904762,1.2695799804687481e-06
0.15271062271062275,3.466843408203125e-06
0.1535164835164835,4.345748779296876e-06
0.15432234432234448,1.0254395996093705e-06
0.15512820512820524,-7.811992187500038e-07
0.155934065934066,6.348149902343678e-07
0.15673992673992676,5.224654150390627e-06
0.15754578754578774,3.7598118652343754e-06
0.1583516483516485,3.418465332031246e-07
0.15915750915750926,-1.4643422851562348e-07
0.15996336996337002,1.464892285156253e-06
0.16076923076923078,3.2227030273437477e-06
0.16157509157509176,3.955124169921874e-06
0.16238095238095251,1.4160642089843733e-06
0.16318681318681327,-1.7089326660156203e-06
0.16399267399267403,5.810591064453121e-06
0.1647985347985348,4.443404931640621e-06
0.16560439560439577,4.638717236328127e-06
0.16641025641025653,-7.32371142578124e-07
0.1672161172161173,9.766115234374979e-07
0.16802197802197805,7.812992187500001e-07
0.1688278388278388,5.419966455078125e-06
0.16963369963369979,2.8809064941406247e-06
0.17043956043956054,1.7090326660156235e-06
0.1712454212454213,8.789553710937454e-07
0.17205128205128206,2.3926257324218765e-06
0.17285714285714304,4.443404931640621e-06
0.1736630036630038,4.1504364746093784e-06
0.17446886446886456,-2.3925257324218806e-06
0.17527472527472532,5.371588378906224e-07
0.17608058608058608,4.541061083984374e-06
0.17688644688644706,5.273482226562493e-06
0.17769230769230782,2.5879380371093745e-06
0.17849816849816857,3.466843408203125e-06
0.17930402930402933,9.770615234374701e-08
0.1801098901098901,2.343797656249997e-06
0.18091575091575107,5.957075292968752e-06
0.18172161172161183,-5.85886914062506e-07
0.1825274725274726,-8.788553710937491e-07
0.18333333333333335,2.4419038085937927e-07
0.18413919413919433,6.054731445312498e-06
0.1849450549450551,2.9297345703125047e-06
0.18575091575091585,2.148485351562499e-06
0.1865567765567766,-3.905746093750011e-07
0.18736263736263736,1.8555168945312486e-06
0.18816849816849834,1.123095751953123e-06
0.1889743589743591,3.8574680175781206e-06
0.18978021978021986,2.0508291992187463e-06
0.19058608058608062,2.9301845703124485e-07
0.19139194139194138,8.301272949218728e-07
0.19219780219780236,7.714886035156248e-06
0.19300366300366312,4.1016083984374985e-06
0.19380952380952388,3.418465332031246e-07
0.19461538461538463,-1.2206519042968722e-06
0.19542124542124562,2.8809064941406247e-06
0.19622710622710637,2.4414538085937493e-06
0.19703296703296713,4.443404931640621e-06
0.1978388278388279,2.0508291992187463e-06
0.19864468864468865,5.859869140625022e-07
0.19945054945054963,4.0527803222656185e-06
0.2002564102564104,5.273482226562493e-06
0.19945054945054963,3.8086399414062482e-06
0.19864468864468865,-9.765115234375017e-07
0.1978388278388279,1.2207519042968756e-06
0.19703296703296713,2.343797656249997e-06
0.19622710622710637,5.175826074218747e-06
0.19542124542124562,3.0762187988281226e-06
0.19461538461538463,2.7832503417968724e-06
0.19380952380952388,1.2207519042968756e-06
0.19300366300366312,2.7344222656249996e-06
0.19219780219780236,4.003952246093753e-06
0.19139194139194138,3.9062960937500006e-06
0.19058608058608062,-2.929634570312501e-06
0.18978021978021986,2.4419038085937927e-07
0.1889743589743591,3.710983789062496e-06
0.18816849816849834,5.5176226074218705e-06
0.18736263736263736,-4.8778076171878125e-08
0.1865567765567766,1.3672361328124935e-06
0.18575091575091585,-6.835430664062513e-07
0.1849450549450551,2.685594189453127e-06
0.18413919413919433,3.0762187988281226e-06
0.18333333333333335,3.515671484374998e-06
0.1825274725274726,-1.269479980468752e-06
0.18172161172161183,9.770615234374701e-08
0.18091575091575107,3.8574680175781206e-06
0.1801098901098901,2.9785626464843703e-06
0.17930402930402933,1.6113765136718712e-06
0.17849816849816857,-6.835430664062513e-07
0.17769230769230782,1.2207519042968756e-06
0.17688644688644706,2.3926257324218765e-06
0.17608058608058608,3.02739072265625e-06
0.17527472527472532,6.348149902343678e-07
0.17446886446886456,-1.9526230468750327e-07
0.1736630036630038,-2.929184570312486e-07
0.17285714285714304,4.980513769531249e-06
0.17205128205128206,3.8086399414062482e-06
0.1712454212454213,5.371588378906224e-07
0.17043956043956054,-2.8808064941406283e-06
0.16963369963369979,5.224654150390627e-06
0.1688278388278388,3.5644995605468707e-06
0.16802197802197805,3.7598118652343754e-06
0.1672161172161173,-3.905746093750011e-07
0.16641025641025653,1.0742676757812502e-06
0.16560439560439577,-2.440903808593759e-07
0.1647985347985348,4.345748779296876e-06
0.16399267399267403,2.343797656249997e-06
0.16318681318681327,5.371588378906224e-07
0.16238095238095251,-2.929184570312486e-07
0.16157509157509176,1.2695799804687481e-06
0.16076923076923078,4.687545312499999e-06
0.15996336996337002,3.0762187988281226e-06
0.15915750915750926,-1.074167675781254e-06
0.1583516483516485,-1.9526230468750327e-07
0.15754578754578774,2.7344222656249996e-06
0.15673992673992676,3.320359179687493e-06
0.155934065934066,2.5879380371093745e-06
0.15512820512820524,-2.929184570312486e-07
0.15432234432234448,-8.788553710937491e-07
0.1535164835164835,2.0508291992187463e-06
0.15271062271062275,5.957075292968752e-06
0.151904761904762,-1.953073046874998e-06
0.15109890109890123,-8.300272949218765e-07
0.15029304029304047,-1.1229957519531268e-06
0.1494871794871795,3.9062960937500006e-06
0.14868131868131873,2.099657275390619e-06
0.14787545787545797,3.2227030273437477e-06
0.1470695970695972,-1.6601045898437547e-06
0.14626373626373645,4.3950268554687707e-07
0.14545787545787547,1.806688818359376e-06
0.14465201465201472,2.8809064941406247e-06
0.14384615384615396,1.1719238281249956e-06
0.1430402930402932,-1.3183080566406317e-06
0.14223443223443222,-3.905746093750011e-07
0.14142857142857146,4.931685693359369e-06
0.1406227106227107,2.7344222656249996e-06
0.13981684981684994,-3.417465332031284e-07
0.13901098901098918,-1.1718238281249994e-06
0.1382051282051282,1.123095751953123e-06
0.13739926739926744,1.123095751953123e-06
0.13659340659340669,3.0762187988281226e-06
0.13578754578754593,1.0742676757812502e-06
0.13498168498168517,-1.7089326660156203e-06
0.1341758241758242,4.003952246093753e-06
0.13336996336996343,3.710983789062496e-06
0.13256410256410267,2.9785626464843703e-06
0.1317582417582419,-2.2460415039062482e-06
0.13095238095238093,1.465342285156197e-07
0.13014652014652017,5.859869140625022e-07
0.12934065934065941,3.8574680175781206e-06
0.12853479853479866,2.148485351562499e-06
0.1277289377289379,1.4160642089843733e-06
0.12692307692307692,-5.370588378906262e-07
0.12611721611721616,1.5137203613281258e-06
0.1253113553113554,2.9785626464843703e-06
0.12450549450549464,3.2227030273437477e-06
0.12369963369963388,-3.808539941406252e-06
0.1228937728937729,-4.3940268554688087e-07
0.12208791208791214,3.1250468749999954e-06
0.12128205128205138,4.248092626953124e-06
0.12047619047619063,8.301272949218728e-07
0.11967032967032987,2.0508291992187463e-06
0.11886446886446889,-1.2206519042968722e-06
0.11805860805860813,9.766115234374979e-07
0.11725274725274737,3.6133276367187503e-06
0.11644688644688661,-1.074167675781254e-06
0.11564102564102563,-2.2460415039062482e-06
0.11483516483516487,-1.4643422851562348e-07
0.11402930402930411,4.7852014648437445e-06
0.11322344322344335,2.002001123046874e-06
0.1124175824175826,4.3950268554687707e-07
0.11161172161172161,-1.5624484375000022e-06
0.11080586080586086,4.883307617187497e-07
0.1100000000000001,1.123095751953123e-06
0.10919413919413934,2.1973134277343786e-06
0.10838827838827858,9.770615234374701e-08
0.1075824175824176,-1.2206519042968722e-06
0.10677655677655684,-8.788553710937491e-07
0.10597069597069608,4.8340295410156245e-06
0.10516483516483532,2.7832503417968724e-06
0.10435897435897434,-1.9526230468750327e-07
0.10355311355311358,-3.2714311035156313e-06
0.10274725274725283,3.6133276367187503e-06
0.10194139194139207,2.685594189453127e-06
0.10113553113553131,3.5644995605468707e-06
0.10032967032967033,-1.1229957519531268e-06
0.09952380952380957,1.9536230468749947e-07
0.09871794871794881,-5.370588378906262e-07
0.09791208791208805,4.296920703124996e-06
0.0971062271062273,1.953173046875001e-06
0.09630036630036631,-4.8778076171878125e-08
0.09549450549450555,-1.2206519042968722e-06
0.0946886446886448,8.789553710937454e-07
0.09388278388278404,3.320359179687493e-06
0.09307692307692306,2.343797656249997e-06
0.0922710622710623,-3.124946875000006e-06
0.09146520146520154,-4.3940268554688087e-07
0.09065934065934078,2.8809064941406247e-06
0.08985347985348002,3.710983789062496e-06
0.08904761904761904,1.0254395996093705e-06
0.08824175824175828,1.2207519042968756e-06
0.08743589743589752,-1.074167675781254e-06
0.08663003663003677,1.3672361328124935e-06
0.08582417582417601,4.003952246093753e-06
0.08501831501831503,-2.1972134277343755e-06
0.08421245421245427,-2.1483853515625027e-06
0.08340659340659351,-1.2206519042968722e-06
0.08260073260073275,4.541061083984374e-06
0.08179487179487199,1.6113765136718712e-06
0.08098901098901101,8.301272949218728e-07
0.08018315018315025,-1.9042449707031252e-06
0.0793772893772895,1.9536230468749947e-07
0.07857142857142874,3.906746093749973e-07
0.07776556776556776,2.148485351562499e-06
0.076959706959707,5.859869140625022e-07
0.07615384615384624,-1.6601045898437547e-06
0.07534798534798548,-9.765115234375017e-07
0.07454212454212472,5.664106835937495e-06
0.07373626373626374,2.2461415039062442e-06
0.07293040293040298,-1.4647922851562498e-06
0.07212454212454222,-2.587838037109378e-06
0.07131868131868146,1.9536230468749947e-07
0.0705128205128207,5.0000000001659824e-11
0.06970695970695973,2.7344222656249996e-06
0.06890109890109897,-4.8778076171878125e-08
0.06809523809523821,-2.783150341796876e-06
0.06728937728937745,3.662155712890623e-06
0.06648351648351647,3.8574680175781206e-06
0.06567765567765571,2.0508291992187463e-06
0.06487179487179495,-2.734322265625003e-06
0.0640659340659342,-9.76061523437508e-08
0.06326007326007344,7.812992187500001e-07
0.062454212454212454,3.662155712890623e-06
0.061648351648351696,1.4160642089843733e-06
0.06084249084249094,8.301272949218728e-07
0.06003663003663018,-9.765115234375017e-07
0.05923076923076942,9.766115234374979e-07
0.05842490842490844,2.9785626464843703e-06
0.05761904761904768,2.148485351562499e-06
0.05681318681318692,-4.882757617187501e-06
0.056007326007326164,-1.0253395996093743e-06
0.05520146520146518,2.7832503417968724e-06
0.054395604395604424,4.0527803222656185e-06
0.053589743589743666,-1.4643422851562348e-07
0.05278388278388291,2.4419038085937927e-07
0.05197802197802215,-1.611276513671875e-06
0.05117216117216117,1.0742676757812502e-06
0.05036630036630041,2.685594189453127e-06
0.04956043956043965,-1.2206519042968722e-06
0.04875457875457889,-3.076118798828126e-06
0.047948717948718134,-8.788553710937491e-07
0.04714285714285715,3.515671484374998e-06
0.046336996336996394,1.464892285156253e-06
0.045531135531135636,-1.4643422851562348e-07
0.04472527472527488,-2.587838037109378e-06
0.0439194139194139,-9.76061523437508e-08
0.04311355311355314,1.6113765136718712e-06
0.04230769230769238,1.8555168945312486e-06
0.04150183150183162,-8.300272949218765e-07
0.04069597069597086,-1.8065888183593799e-06
0.03989010989010988,-8.788553710937491e-07
0.03908424908424912,3.1250468749999954e-06
0.038278388278388364,2.0508291992187463e-06
0.037472527472527606,-8.788553710937491e-07
0.03666666666666685,-3.906196093749997e-06
0.03586080586080587,3.8574680175781206e-06
0.03505494505494511,2.8320784179687447e-06
0.03424908424908435,2.294969580078124e-06
0.03344322344322359,-2.6854941894531236e-06
0.03263736263736283,-5.370588378906262e-07
0.03183150183150185,-9.765115234375017e-07
0.031025641025641093,3.710983789062496e-06
0.030219780219780334,1.2695799804687481e-06
0.029413919413919576,-9.76061523437508e-08
0.028608058608058595,-1.4647922851562498e-06
0.027802197802197837,8.301272949218728e-07
0.026996336996337078,2.7832503417968724e-06
0.02619047619047632,2.2461415039062442e-06
0.02538461538461556,-4.492133007812505e-06
0.02457875457875458,-1.269479980468752e-06
0.02377289377289382,1.9043449707031214e-06
0.022967032967033063,3.466843408203125e-06
0.022161172161172304,-4.8778076171878125e-08
0.021355311355311546,5.371588378906224e-07
0.020549450549450565,-2.0507291992187575e-06
0.019743589743589807,9.766115234374979e-07
0.018937728937729048,2.9785626464843703e-06
0.01813186813186829,-2.1972134277343755e-06
0.01732600732600731,-3.5643995605468743e-06
0.01652014652014655,-1.415964208984377e-06
0.01571428571428579,4.003952246093753e-06
0.014908424908425033,1.0254395996093705e-06
0.014102564102564275,-4.3940268554688087e-07
0.013296703296703294,-2.734322265625003e-06
0.012490842490842535,-4.882307617187465e-07
0.011684981684981777,3.418465332031246e-07
0.010879120879121018,1.3672361328124935e-06
0.01007326007326026,-9.765115234375017e-07
0.009267399267399279,-2.636666113281251e-06
0.00846153846153852,-1.3671361328124973e-06
0.007655677655677762,4.7852014648437445e-06
0.006849816849817003,2.0508291992187463e-06
0.0060439560439560225,-2.0507291992187575e-06
0.005238095238095264,-4.199164550781255e-06
0.004432234432234505,2.5879380371093745e-06
0.0036263736263737467,1.7578607421874963e-06
0.002820512820512988,2.2461415039062442e-06
0.0020146520146520075,-2.1483853515625027e-06
0.001208791208791249,-1.1718238281249994e-06
0.0004029304029304903,-1.1229957519531268e-06
-0.00040293040293026827,3.515671484374998e-06
-0.0012087912087910269,5.371588378906224e-07
-0.0020146520146520075,-1.611276513671875e-06
-0.002820512820512766,-1.5624484375000022e-06
-0.0036263736263735247,6.836430664062475e-07
-0.004432234432234283,2.685594189453127e-06
-0.005238095238095042,8.789553710937454e-07
-0.0060439560439560225,-3.6620557128906267e-06
-0.006849816849816781,-1.611276513671875e-06
-0.00765567765567754,2.2461415039062442e-06
-0.008461538461538298,2.4414538085937493e-06
-0.009267399267399279,5.371588378906224e-07
-0.010073260073260037,-6.347149902343716e-07
-0.010879120879120796,-1.8065888183593799e-06
-0.011684981684981555,5.859869140625022e-07
-0.012490842490842313,3.2227030273437477e-06
-0.013296703296703294,-3.955024169921877e-06
-0.014102564102564052,-3.3690872558593764e-06
-0.014908424908424811,-1.8065888183593799e-06
-0.01571428571428557,3.955124169921874e-06
-0.016520146520146328,1.0254395996093705e-06
-0.01732600732600731,-6.835430664062513e-07
-0.018131868131868067,-3.466743408203129e-06
-0.018937728937728826,-9.765115234375017e-07
-0.019743589743589585,2.4419038085937927e-07
-0.020549450549450565,1.318408056640628e-06
-0.021355311355311324,-1.3183080566406317e-06
-0.022161172161172082,-2.783150341796876e-06
-0.02296703296703284,-1.6601045898437547e-06
-0.0237728937728936,4.394576855468749e-06
-0.02457875457875458,1.318408056640628e-06
-0.02538461538461534,-2.294869580078128e-06
-0.026190476190476097,-4.736273388671875e-06
-0.026996336996336856,2.9297345703125047e-06
-0.027802197802197615,1.660204589843751e-06
-0.028608058608058595,1.318408056640628e-06
-0.029413919413919354,-2.8319784179687487e-06
-0.030219780219780112,-1.1229957519531268e-06
-0.03102564102564087,-1.5136203613281296e-06
-0.03183150183150185,3.0762187988281226e-06
-0.03263736263736261,3.418465332031246e-07
-0.03344322344322337,-2.0507291992187575e-06
-0.03424908424908413,-2.294869580078128e-06
-0.035054945054944886,3.906746093749973e-07
-0.03586080586080587,2.1973134277343786e-06
-0.036666666666666625,7.812992187500001e-07
-0.037472527472527384,-4.1015083984375025e-06
-0.03827838827838814,-2.3925257324218806e-06
-0.0390842490842489,1.806688818359376e-06
-0.03989010989010988,2.0508291992187463e-06
-0.04069597069597064,-1.4643422851562348e-07
-0.0415018315018314,-1.953073046874998e-06
-0.04230769230769216,-2.636666113281251e-06
-0.043113553113552916,9.277834472656252e-07
-0.0439194139194139,3.5644995605468707e-06
-0.044725274725274655,-4.199164550781255e-06
-0.045531135531135414,-3.6132276367187543e-06
-0.04633699633699617,-2.734322265625003e-06
-0.04714285714285715,2.8809064941406247e-06
-0.04794871794871791,3.906746093749973e-07
-0.04875457875457867,-9.76061523437508e-08
-0.04956043956043943,-3.906196093749997e-06
-0.05036630036630019,-1.269479980468752e-06
-0.05117216117216117,-3.905746093750011e-07
-0.05197802197802193,9.277834472656252e-07
-0.052783882783882685,-1.3183080566406317e-06
-0.053589743589743444,-3.1737749511718718e-06
-0.0543956043956042,-2.6854941894531236e-06
-0.05520146520146518,4.687545312499999e-06
-0.05600732600732594,1.3672361328124935e-06
-0.0568131868131867,-2.929634570312501e-06
-0.05761904761904746,-4.247992626953127e-06
-0.05842490842490844,2.4419038085937927e-07
-0.0592307692307692,-5.85886914062506e-07
-0.06003663003662996,1.4160642089843733e-06
-0.060842490842490715,-1.415964208984377e-06
-0.061648351648351474,-2.734322265625003e-06
-0.062454212454212454,9.277834472656252e-07
-0.06326007326007321,2.9785626464843703e-06
-0.06406593406593397,1.9536230468749947e-07
-0.06487179487179473,-4.1015083984375025e-06
-0.06567765567765549,-1.7089326660156203e-06
-0.06648351648351647,3.418465332031246e-07
-0.06728937728937723,2.294969580078124e-06
-0.06809523809523799,4.887807617187434e-08
-0.06890109890109875,-2.3436976562500006e-06
-0.06970695970695973,-2.1483853515625027e-06
-0.07051282051282048,8.789553710937454e-07
-0.07131868131868124,1.5137203613281258e-06
-0.072124542124542,9.766115234374979e-07
-0.07293040293040276,-3.808539941406252e-06
-0.07373626373626374,-2.8319784179687487e-06
-0.0745421245421245,5.859869140625022e-07
-0.07534798534798526,3.662155712890623e-06
-0.07615384615384602,-4.589789160156251e-06
-0.07695970695970678,-3.4179153320312492e-06
-0.07776556776556776,-2.929634570312501e-06
-0.07857142857142851,2.4414538085937493e-06
-0.07937728937728927,9.770615234374701e-08
-0.08018315018315003,1.465342285156197e-07
-0.08098901098901101,-3.955024169921877e-06
-0.08179487179487177,-1.1229957519531268e-06
-0.08260073260073253,-3.905746093750011e-07
-0.08340659340659329,4.883307617187497e-07
-0.08421245421245405,-1.6601045898437547e-06
-0.08501831501831503,-2.8319784179687487e-06
-0.08582417582417579,-2.587838037109378e-06
-0.08663003663003654,4.296920703124996e-06
-0.0874358974358973,5.0000000001659824e-11
-0.08824175824175806,-3.2714311035156313e-06
-0.08904761904761904,-4.0526803222656225e-06
-0.0898534798534798,-2.440903808593759e-07
-0.09065934065934056,-1.0253395996093743e-06
-0.09146520146520132,1.318408056640628e-06
-0.09227106227106208,-1.611276513671875e-06
-0.09307692307692306,-3.027290722656254e-06
-0.09388278388278382,1.9536230468749947e-07
-0.09468864468864457,2.5391099609375017e-06
-0.09549450549450533,1.9536230468749947e-07
-0.09630036630036631,-3.7597118652343794e-06
-0.09710622710622707,-2.1972134277343755e-06
-0.09791208791208783,-3.905746093750011e-07
-0.09871794871794859,2.1973134277343786e-06
-0.09952380952380935,5.0000000001659824e-11
-0.10032967032967033,-2.1483853515625027e-06
-0.09952380952380935,-1.7577607421875e-06
-0.09871794871794859,-3.417465332031284e-07
-0.09791208791208783,1.2207519042968756e-06
-0.09710622710622707,-1.4643422851562348e-07
-0.09630036630036631,-4.8778076171878125e-08
-0.09549450549450533,-2.440903808593759e-07
-0.09468864468864457,-3.417465332031284e-07
-0.09388278388278382,-1.9526230468750327e-07
-0.09307692307692306,-4.8778076171878125e-08
-0.09227106227106208,-9.76061523437508e-08
-0.09146520146520132,-2.440903808593759e-07
-0.09065934065934056,-3.417465332031284e-07
-0.0898534798534798,-1.4643422851562348e-07
-0.08904761904761904,-1.4643422851562348e-07
-0.08824175824175806,-9.76061523437508e-08
-0.0874358974358973,-2.929184570312486e-07
-0.08663003663003654,-2.929184570312486e-07
-0.08582417582417579,-1.4643422851562348e-07
-0.08501831501831503,-9.76061523437508e-08
-0.08421245421245405,-1.4643422851562348e-07
-0.08340659340659329,-2.929184570312486e-07
-0.08260073260073253,-3.905746093750011e-07
-0.08179487179487177,-1.4643422851562348e-07
-0.08098901098901101,-4.8778076171878125e-08
-0.08018315018315003,-1.4643422851562348e-07
-0.07937728937728927,-2.929184570312486e-07
-0.07857142857142851,-2.440903808593759e-07
-0.07776556776556776,-1.4643422851562348e-07
-0.07695970695970678,-1.9526230468750327e-07
-0.07615384615384602,-1.9526230468750327e-07
-0.07534798534798526,-3.905746093750011e-07
-0.0745421245421245,-3.417465332031284e-07
-0.07373626373626374,-2.440903808593759e-07
-0.07293040293040276,-4.8778076171878125e-08
-0.072124542124542,-1.9526230468750327e-07
-0.07131868131868124,-3.417465332031284e-07
-0.07051282051282048,-3.417465332031284e-07
-0.06970695970695973,-9.76061523437508e-08
-0.06890109890109875,-9.76061523437508e-08
-0.06809523809523799,-2.440903808593759e-07
-0.06728937728937723,-3.417465332031284e-07
-0.06648351648351647,-2.929184570312486e-07
-0.06567765567765549,2.7832503417968724e-06
-0.06487179487179473,-3.955024169921877e-06
-0.06406593406593397,-1.3183080566406317e-06
-0.06326007326007321,2.343797656249997e-06
-0.062454212454212454,4.589889160156247e-06
-0.061648351648351474,-2.1972134277343755e-06
-0.060842490842490715,-1.074167675781254e-06
-0.06003663003662996,-1.4647922851562498e-06
-0.0592307692307692,1.8555168945312486e-06
-0.05842490842490844,1.4160642089843733e-06
-0.05761904761904746,1.660204589843751e-06
-0.0568131868131867,-2.929634570312501e-06
-0.05600732600732594,-7.32371142578124e-07
-0.05520146520146518,2.7344222656249996e-06
-0.0543956043956042,1.660204589843751e-06
-0.053589743589743444,3.418465332031246e-07
-0.052783882783882685,-2.5390099609375057e-06
-0.05197802197802193,-5.85886914062506e-07
-0.05117216117216117,2.5391099609375017e-06
-0.05036630036630019,2.002001123046874e-06
-0.04956043956043943,-1.3183080566406317e-06
-0.04875457875457867,-1.5624484375000022e-06
-0.04794871794871791,-3.417465332031284e-07
-0.04714285714285715,2.685594189453127e-06
-0.04633699633699617,2.4414538085937493e-06
-0.045531135531135414,-3.417465332031284e-07
-0.044725274725274655,-3.906196093749997e-06
-0.0439194139194139,4.687545312499999e-06
-0.043113553113552916,3.1250468749999954e-06
-0.04230769230769216,3.2715311035156273e-06
-0.0415018315018314,-2.6854941894531236e-06
-0.04069597069597064,-3.417465332031284e-07
-0.03989010989010988,-2.440903808593759e-07
-0.0390842490842489,4.199264550781244e-06
-0.03827838827838814,1.2695799804687481e-06
-0.037472527472527384,8.789553710937454e-07
-0.036666666666666625,-1.074167675781254e-06
-0.03586080586080587,1.123095751953123e-06
-0.035054945054944886,2.5391099609375017e-06
-0.03424908424908413,2.6367661132812472e-06
-0.03344322344322337,-4.540961083984377e-06
-0.03263736263736261,-5.85886914062506e-07
-0.03183150183150185,3.2227030273437477e-06
-0.03102564102564087,4.394576855468749e-06
-0.030219780219780112,5.371588378906224e-07
-0.029413919413919354,1.660204589843751e-06
-0.028608058608058595,-1.4647922851562498e-06
-0.027802197802197615,9.766115234374979e-07
-0.026996336996336856,3.2715311035156273e-06
-0.026190476190476097,-1.8554168945312524e-06
-0.02538461538461534,-2.2460415039062482e-06
-0.02457875457875458,-4.882307617187465e-07
-0.0237728937728936,5.224654150390627e-06
-0.02296703296703284,1.953173046875001e-06
-0.022161172161172082,3.418465332031246e-07
-0.021355311355311324,-2.0019011230468776e-06
-0.020549450549450565,1.9536230468749947e-07
-0.019743589743589585,9.766115234374979e-07
-0.018937728937728826,2.5391099609375017e-06
-0.018131868131868067,-9.76061523437508e-08
-0.01732600732600731,-1.3671361328124973e-06
-0.016520146520146328,-6.835430664062513e-07
-0.01571428571428557,5.419966455078125e-06
-0.014908424908424811,2.8320784179687447e-06
-0.014102564102564052,-5.370588378906262e-07
-0.013296703296703294,-3.5643995605468743e-06
-0.012490842490842313,4.687545312499999e-06
-0.011684981684981555,3.2227030273437477e-06
-0.010879120879120796,3.515671484374998e-06
